# Version: 12
# Coordinate system: Brainsight
# Created by: Brainsight 2.5b3
# X=right->left, Y=anterior->posterior, Z=inferior->superior
# Units: millimetres, degrees, milliseconds, and microvolts
# Encoding: UTF-8
# Notes: Each column is delimited by a tab. Each value within a column is delimited by a semicolon.
# Sample Name	Session Name	Index	Assoc. Target	Loc. X	Loc. Y	Loc. Z	m0n0	m0n1	m0n2	m1n0	m1n1	m1n2	m2n0	m2n1	m2n2	Dist. to Target	Target Error	Angular Error	Twist Error	Stim. Power A	Stim. Pulse Interval	Stim. Power B	Date	Time	Creation Cause	Crosshairs Driver	Offset	Comment	EMG Channels	EMG Window Start	EMG Window End	EMG Peak-to-peak 1
Sample 1	Session imported from “Hotspot+Block1.txt”	1	PMC_Target	170.1952	154.7778	196.5462	-0.6731	0.6183	0.4058	-0.3900	-0.7630	0.5155	0.6283	0.1887	0.7547	(null)	(null)	(null)	(null)	(null)	(null)	(null)	2020-09-24	10:03:04.998	TTL1	APcoil	0.0000	(null)	1	10.0000	90.0000	68.5247
Sample 2	Session imported from “Hotspot+Block1.txt”	2	PMC_Target	167.0586	147.2976	198.1467	-0.6987	0.5908	0.4035	-0.4259	-0.7966	0.4290	0.5749	0.1279	0.8082	(null)	(null)	(null)	(null)	(null)	(null)	(null)	2020-09-24	10:03:10.417	TTL1	APcoil	0.0000	(null)	1	10.0000	90.0000	68.5247
Sample 3	Session imported from “Hotspot+Block1.txt”	3	PMC_Target	164.2326	150.4828	198.8540	-0.6233	0.7090	0.3298	-0.5376	-0.6948	0.4778	0.5679	0.1205	0.8142	(null)	(null)	(null)	(null)	(null)	(null)	(null)	2020-09-24	10:03:16.964	TTL1	APcoil	0.0000	(null)	1	10.0000	90.0000	71.9509
Sample 4	Session imported from “Hotspot+Block1.txt”	4	PMC_Target	179.7952	157.9807	190.8458	-0.6363	0.7259	0.2611	-0.5459	-0.6629	0.5124	0.5450	0.1835	0.8181	(null)	(null)	(null)	(null)	(null)	(null)	(null)	2020-09-24	10:04:24.947	TTL1	APcoil	0.0000	(null)	1	10.0000	90.0000	65.0984
Sample 5	Session imported from “Hotspot+Block1.txt”	5	PMC_Target	177.8154	147.5036	192.0052	-0.6447	0.7021	0.3023	-0.5555	-0.7020	0.4457	0.5251	0.1194	0.8426	(null)	(null)	(null)	(null)	(null)	(null)	(null)	2020-09-24	10:04:29.743	TTL1	APcoil	0.0000	(null)	1	10.0000	90.0000	70.8088
Sample 6	Session imported from “Hotspot+Block1.txt”	6	PMC_Target	170.3209	147.2861	197.0587	-0.6258	0.7158	0.3099	-0.5589	-0.6886	0.4620	0.5441	0.1159	0.8310	(null)	(null)	(null)	(null)	(null)	(null)	(null)	2020-09-24	10:04:41.728	TTL1	APcoil	0.0000	(null)	1	10.0000	90.0000	148.4701
Sample 7	Session imported from “Hotspot+Block1.txt”	7	Sample 6	170.6815	146.9671	196.9345	-0.6346	0.7147	0.2941	-0.5683	-0.6894	0.4492	0.5238	0.1179	0.8436	(null)	(null)	(null)	(null)	(null)	(null)	(null)	2020-09-24	10:05:17.445	TTL1	APcoil	0.0000	(null)	1	10.0000	90.0000	114.2078
Sample 8	Session imported from “Hotspot+Block1.txt”	8	Sample 6	165.7218	141.7519	198.6029	-0.6362	0.7123	0.2965	-0.5782	-0.6946	0.4280	0.5108	0.1009	0.8538	(null)	(null)	(null)	(null)	(null)	(null)	(null)	2020-09-24	10:05:22.112	TTL1	APcoil	0.0000	(null)	1	10.0000	90.0000	156.4647
Sample 9	Session imported from “Hotspot+Block1.txt”	9	Sample 6	162.6025	136.8564	199.6229	-0.6344	0.7073	0.3117	-0.5835	-0.7027	0.4071	0.5070	0.0764	0.8586	(null)	(null)	(null)	(null)	(null)	(null)	(null)	2020-09-24	10:05:27.434	TTL1	APcoil	0.0000	(null)	1	10.0000	90.0000	109.6395
Sample 10	Session imported from “Hotspot+Block1.txt”	10	Sample 6	167.9322	143.3041	197.8442	-0.6392	0.7024	0.3131	-0.5792	-0.7076	0.4048	0.5059	0.0774	0.8591	(null)	(null)	(null)	(null)	(null)	(null)	(null)	2020-09-24	10:05:33.187	TTL1	APcoil	0.0000	(null)	1	10.0000	90.0000	114.2078
Sample 11	Session imported from “Hotspot+Block1.txt”	11	Sample 6	173.7416	149.7241	195.5026	-0.6433	0.7096	0.2875	-0.5752	-0.6958	0.4302	0.5053	0.1114	0.8557	(null)	(null)	(null)	(null)	(null)	(null)	(null)	2020-09-24	10:05:39.026	TTL1	APcoil	0.0000	(null)	1	10.0000	90.0000	122.2023
Sample 12	Session imported from “Hotspot+Block1.txt”	12	Sample 6	175.9040	151.5531	193.5012	-0.6341	0.7269	0.2637	-0.5648	-0.6683	0.4840	0.5281	0.1580	0.8344	(null)	(null)	(null)	(null)	(null)	(null)	(null)	2020-09-24	10:05:45.043	TTL1	APcoil	0.0000	(null)	1	10.0000	90.0000	111.9236
Sample 13	Session imported from “Hotspot+Block1.txt”	13	Sample 6	174.1006	149.1369	195.2691	-0.6355	0.7186	0.2826	-0.5622	-0.6814	0.4686	0.5293	0.1389	0.8370	(null)	(null)	(null)	(null)	(null)	(null)	(null)	2020-09-24	10:05:50.671	TTL1	APcoil	0.0000	(null)	1	10.0000	90.0000	121.0603
Sample 14	Session imported from “Hotspot+Block1.txt”	14	Sample 6	175.2375	141.7405	194.1884	-0.6158	0.7269	0.3041	-0.5653	-0.6764	0.4721	0.5489	0.1188	0.8274	(null)	(null)	(null)	(null)	(null)	(null)	(null)	2020-09-24	10:05:58.961	TTL1	APcoil	0.0000	(null)	1	10.0000	90.0000	147.3280
Sample 15	Session imported from “Hotspot+Block1.txt”	15	Sample 6	174.3462	143.2049	194.9783	-0.6162	0.7273	0.3022	-0.5627	-0.6750	0.4772	0.5511	0.1240	0.8252	(null)	(null)	(null)	(null)	(null)	(null)	(null)	2020-09-24	10:06:04.171	TTL1	APcoil	0.0000	(null)	1	10.0000	90.0000	272.9566
Sample 16	Session imported from “Hotspot+Block1.txt”	16	Sample 15	174.5245	142.6762	194.7971	-0.6001	0.7454	0.2903	-0.5680	-0.6526	0.5015	0.5633	0.1361	0.8150	(null)	(null)	(null)	(null)	(null)	(null)	(null)	2020-09-24	10:06:30.699	TTL1	APcoil	0.0000	(null)	1	10.0000	90.0000	140.4756
Sample 17	Session imported from “Hotspot+Block1.txt”	17	Sample 15	179.0639	147.5649	191.2321	-0.5893	0.7426	0.3182	-0.5525	-0.6578	0.5120	0.5895	0.1259	0.7979	(null)	(null)	(null)	(null)	(null)	(null)	(null)	2020-09-24	10:06:45.997	TTL1	APcoil	0.0000	(null)	1	10.0000	90.0000	118.7761
Sample 18	Session imported from “Hotspot+Block1.txt”	18	Sample 15	171.9626	139.2959	195.8056	-0.6086	0.7180	0.3378	-0.5568	-0.6897	0.4629	0.5654	0.0937	0.8195	(null)	(null)	(null)	(null)	(null)	(null)	(null)	2020-09-24	10:06:51.558	TTL1	APcoil	0.0000	(null)	1	10.0000	90.0000	195.2953
Sample 19	Session imported from “Hotspot+Block1.txt”	19	Sample 15	171.2540	139.6658	196.1685	-0.6097	0.7056	0.3612	-0.5471	-0.7043	0.4523	0.5735	0.0782	0.8154	(null)	(null)	(null)	(null)	(null)	(null)	(null)	2020-09-24	10:07:02.993	TTL1	APcoil	0.0000	(null)	1	10.0000	90.0000	455.6891
Sample 20	Session imported from “Hotspot+Block1.txt”	20	Sample 19	174.5661	142.5217	194.7548	-0.6262	0.7010	0.3413	-0.5403	-0.7058	0.4583	0.5621	0.1026	0.8207	(null)	(null)	(null)	(null)	(null)	(null)	(null)	2020-09-24	10:07:14.114	TTL1	APcoil	0.0000	(null)	1	10.0000	90.0000	174.7379
Sample 21	Session imported from “Hotspot+Block1.txt”	21	Sample 19	172.0041	139.5866	195.7987	-0.5729	0.7408	0.3508	-0.5664	-0.6671	0.4839	0.5925	0.0785	0.8018	(null)	(null)	(null)	(null)	(null)	(null)	(null)	2020-09-24	10:07:24.537	TTL1	APcoil	0.0000	(null)	1	10.0000	90.0000	159.8909
Sample 22	Session imported from “Hotspot+Block1.txt”	22	Sample 19	175.6801	143.7028	193.8146	-0.5902	0.7236	0.3579	-0.5607	-0.6864	0.4631	0.5808	0.0726	0.8108	(null)	(null)	(null)	(null)	(null)	(null)	(null)	2020-09-24	10:07:29.790	TTL1	APcoil	0.0000	(null)	1	10.0000	90.0000	172.4538
Sample 23	Session imported from “Hotspot+Block1.txt”	23	Sample 19	170.9976	139.5128	196.2849	-0.6216	0.6872	0.3760	-0.5142	-0.7201	0.4659	0.5909	0.0963	0.8010	(null)	(null)	(null)	(null)	(null)	(null)	(null)	2020-09-24	10:07:48.250	TTL1	APcoil	0.0000	(null)	1	10.0000	90.0000	161.0330
Sample 24	Session imported from “Hotspot+Block1.txt”	24	Sample 19	171.5663	139.5600	196.0126	-0.6336	0.6825	0.3644	-0.5245	-0.7251	0.4462	0.5688	0.0916	0.8174	(null)	(null)	(null)	(null)	(null)	(null)	(null)	2020-09-24	10:07:57.417	TTL1	APcoil	0.0000	(null)	1	10.0000	90.0000	83.3717
Sample 25	Session imported from “Hotspot+Block1.txt”	25	Sample 19	175.1284	142.8513	194.3361	-0.6270	0.6863	0.3686	-0.5257	-0.7219	0.4500	0.5749	0.0884	0.8134	(null)	(null)	(null)	(null)	(null)	(null)	(null)	2020-09-24	10:08:02.307	TTL1	APcoil	0.0000	(null)	1	10.0000	90.0000	115.3499
Sample 26	Session imported from “Hotspot+Block1.txt”	26	Sample 19	174.8246	135.6137	193.9110	-0.6150	0.6866	0.3878	-0.5225	-0.7232	0.4517	0.5906	0.0752	0.8035	(null)	(null)	(null)	(null)	(null)	(null)	(null)	2020-09-24	10:08:07.627	TTL1	APcoil	0.0000	(null)	1	10.0000	90.0000	111.9236
Sample 27	Session imported from “Hotspot+Block1.txt”	27	Sample 19	167.9431	135.3491	197.5717	-0.6192	0.6924	0.3704	-0.5160	-0.7143	0.4727	0.5919	0.1015	0.7996	(null)	(null)	(null)	(null)	(null)	(null)	(null)	2020-09-24	10:08:13.352	TTL1	APcoil	0.0000	(null)	1	10.0000	90.0000	97.0766
Sample 28	Session imported from “Hotspot+Block1.txt”	28	Sample 19	168.9509	143.0500	197.4299	-0.6140	0.7103	0.3441	-0.5158	-0.6911	0.5062	0.5974	0.1333	0.7908	(null)	(null)	(null)	(null)	(null)	(null)	(null)	2020-09-24	10:08:19.913	TTL1	APcoil	0.0000	(null)	1	10.0000	90.0000	126.7706
Sample 29	Session imported from “Hotspot+Block1.txt”	29	Sample 19	171.2312	139.7416	196.1820	-0.6125	0.7058	0.3559	-0.5054	-0.6959	0.5103	0.6078	0.1327	0.7829	(null)	(null)	(null)	(null)	(null)	(null)	(null)	2020-09-24	10:08:25.666	TTL1	APcoil	0.0000	(null)	1	10.0000	90.0000	111.9236
Sample 30	Session imported from “Hotspot+Block1.txt”	30	Sample 19	171.1659	139.9447	196.2201	-0.5941	0.7294	0.3392	-0.5622	-0.6781	0.4734	0.5753	0.0905	0.8129	(null)	(null)	(null)	(null)	(null)	(null)	(null)	2020-09-24	10:09:53.310	TTL1	APcoil	0.0000	(null)	1	10.0000	90.0000	85.6558
Sample 31	Session imported from “Hotspot+Block1.txt”	31	Sample 19	171.1451	139.7498	196.2232	-0.5845	0.7287	0.3569	-0.5595	-0.6805	0.4731	0.5876	0.0768	0.8055	(null)	(null)	(null)	(null)	(null)	(null)	(null)	2020-09-24	10:10:03.091	TTL1	APcoil	0.0000	(null)	1	10.0000	90.0000	37.6886
Sample 32	Session imported from “Hotspot+Block1.txt”	32	Sample 19	171.1942	139.7841	196.2010	-0.5819	0.7312	0.3560	-0.5661	-0.6785	0.4683	0.5839	0.0710	0.8087	(null)	(null)	(null)	(null)	(null)	(null)	(null)	2020-09-24	10:10:11.031	TTL1	APcoil	0.0000	(null)	1	10.0000	90.0000	52.5356
Sample 33	Session imported from “Hotspot+Block1.txt”	33	Sample 19	171.1783	139.7775	196.2084	-0.5841	0.7321	0.3506	-0.5629	-0.6765	0.4749	0.5848	0.0800	0.8072	(null)	(null)	(null)	(null)	(null)	(null)	(null)	2020-09-24	10:10:20.155	TTL1	APcoil	0.0000	(null)	1	10.0000	90.0000	124.4865
Sample 34	Session imported from “Hotspot+Block1.txt”	34	Sample 19	171.3056	139.9597	196.1542	-0.5821	0.7339	0.3501	-0.5604	-0.6741	0.4812	0.5891	0.0839	0.8037	(null)	(null)	(null)	(null)	(null)	(null)	(null)	2020-09-24	10:10:28.638	TTL1	APcoil	0.0000	(null)	1	10.0000	90.0000	51.3935
Sample 35	Session imported from “Hotspot+Block1.txt”	35	Sample 19	171.2225	139.6823	196.1840	-0.5837	0.7358	0.3434	-0.5568	-0.6705	0.4903	0.5910	0.0950	0.8011	(null)	(null)	(null)	(null)	(null)	(null)	(null)	2020-09-24	10:10:37.219	TTL1	APcoil	0.0000	(null)	1	10.0000	90.0000	259.2517
Sample 36	Session imported from “Hotspot+Block1.txt”	36	Sample 19	171.0439	139.9105	196.2769	-0.5841	0.7310	0.3529	-0.5625	-0.6779	0.4732	0.5852	0.0779	0.8072	(null)	(null)	(null)	(null)	(null)	(null)	(null)	2020-09-24	10:10:44.661	TTL1	APcoil	0.0000	(null)	1	10.0000	90.0000	81.0875
Sample 37	Session imported from “Hotspot+Block1.txt”	37	Sample 19	171.3073	139.7168	196.1449	-0.5842	0.7295	0.3558	-0.5565	-0.6791	0.4787	0.5908	0.0817	0.8027	(null)	(null)	(null)	(null)	(null)	(null)	(null)	2020-09-24	10:10:52.642	TTL1	APcoil	0.0000	(null)	1	10.0000	90.0000	60.5301
Sample 38	Session imported from “Hotspot+Block1.txt”	38	Sample 19	170.9318	139.6619	196.3214	-0.5876	0.7305	0.3479	-0.5520	-0.6763	0.4878	0.5916	0.0946	0.8006	(null)	(null)	(null)	(null)	(null)	(null)	(null)	2020-09-24	10:10:59.912	TTL1	APcoil	0.0000	(null)	1	10.0000	90.0000	76.5192
Sample 39	Session imported from “Hotspot+Block1.txt”	39	Sample 19	171.0830	139.7452	196.2525	-0.5807	0.7342	0.3516	-0.5526	-0.6727	0.4921	0.5978	0.0915	0.7964	(null)	(null)	(null)	(null)	(null)	(null)	(null)	2020-09-24	10:11:08.873	TTL1	APcoil	0.0000	(null)	1	10.0000	90.0000	82.2296
Sample 40	Session imported from “Hotspot+Block1.txt”	40	Sample 19	171.1744	140.1380	196.2229	-0.5873	0.7247	0.3603	-0.5513	-0.6842	0.4775	0.5926	0.0818	0.8014	(null)	(null)	(null)	(null)	(null)	(null)	(null)	2020-09-24	10:11:16.440	TTL1	APcoil	0.0000	(null)	1	10.0000	90.0000	107.3553
Sample 41	Session imported from “Hotspot+Block1.txt”	41	Sample 19	171.1102	139.9464	196.2466	-0.5846	0.7281	0.3579	-0.5455	-0.6793	0.4910	0.6006	0.0918	0.7943	(null)	(null)	(null)	(null)	(null)	(null)	(null)	2020-09-24	10:11:23.631	TTL1	APcoil	0.0000	(null)	1	10.0000	90.0000	236.4101
Sample 42	Session imported from “Hotspot+Block1.txt”	42	Sample 19	171.5130	140.0732	196.0597	-0.5871	0.7298	0.3503	-0.5466	-0.6766	0.4934	0.5971	0.0982	0.7961	(null)	(null)	(null)	(null)	(null)	(null)	(null)	2020-09-24	10:11:31.378	TTL1	APcoil	0.0000	(null)	1	10.0000	90.0000	219.2790
Sample 43	Session imported from “Hotspot+Block1.txt”	43	Sample 19	171.0769	139.7963	196.2572	-0.5911	0.7217	0.3603	-0.5432	-0.6863	0.4837	0.5963	0.0902	0.7977	(null)	(null)	(null)	(null)	(null)	(null)	(null)	2020-09-24	10:11:38.971	TTL1	APcoil	0.0000	(null)	1	10.0000	90.0000	169.0275
Sample 44	Session imported from “Hotspot+Block1.txt”	44	Sample 19	171.2721	139.7944	196.1644	-0.5978	0.7188	0.3550	-0.5385	-0.6881	0.4863	0.5938	0.0995	0.7984	(null)	(null)	(null)	(null)	(null)	(null)	(null)	2020-09-24	10:11:46.619	TTL1	APcoil	0.0000	(null)	1	10.0000	90.0000	110.7816
Sample 45	Session imported from “Hotspot+Block1.txt”	45	Sample 19	170.8385	139.8736	196.3731	-0.5948	0.7207	0.3561	-0.5351	-0.6855	0.4936	0.5999	0.1031	0.7934	(null)	(null)	(null)	(null)	(null)	(null)	(null)	2020-09-24	10:11:54.031	TTL1	APcoil	0.0000	(null)	1	10.0000	90.0000	121.0603
Sample 46	Session imported from “Hotspot+Block1.txt”	46	Sample 19	171.2029	139.2557	196.1769	-0.6040	0.7125	0.3571	-0.5295	-0.6936	0.4884	0.5957	0.1059	0.7962	(null)	(null)	(null)	(null)	(null)	(null)	(null)	2020-09-24	10:12:05.806	TTL1	APcoil	0.0000	(null)	1	10.0000	90.0000	218.1369
Sample 47	Session imported from “Hotspot+Block1.txt”	47	Sample 19	171.3419	140.0050	196.1386	-0.5990	0.7167	0.3573	-0.5314	-0.6895	0.4922	0.5991	0.1049	0.7938	(null)	(null)	(null)	(null)	(null)	(null)	(null)	2020-09-24	10:12:13.258	TTL1	APcoil	0.0000	(null)	1	10.0000	90.0000	142.7597
Sample 48	Session imported from “Hotspot+Block1.txt”	48	Sample 19	171.3254	139.8491	196.1410	-0.5982	0.7174	0.3570	-0.5289	-0.6882	0.4967	0.6020	0.1083	0.7911	(null)	(null)	(null)	(null)	(null)	(null)	(null)	2020-09-24	10:12:21.034	TTL1	APcoil	0.0000	(null)	1	10.0000	90.0000	134.7652
Sample 49	Session imported from “Hotspot+Block1.txt”	49	Sample 19	171.1146	139.5786	196.2316	-0.5947	0.7219	0.3540	-0.5261	-0.6823	0.5076	0.6079	0.1156	0.7855	(null)	(null)	(null)	(null)	(null)	(null)	(null)	2020-09-24	10:12:30.188	TTL1	APcoil	0.0000	(null)	1	10.0000	90.0000	172.4538
Sample 50	Session imported from “Hotspot+Block1.txt”	50	Sample 19	171.4956	139.4753	196.0434	-0.5913	0.7183	0.3665	-0.5358	-0.6896	0.4871	0.6027	0.0917	0.7927	(null)	(null)	(null)	(null)	(null)	(null)	(null)	2020-09-24	10:12:37.950	TTL1	APcoil	0.0000	(null)	1	10.0000	90.0000	203.2899
Sample 51	Session imported from “Hotspot+Block1.txt”	51	Sample 19	171.2207	139.8236	196.1898	-0.5846	0.7224	0.3692	-0.5313	-0.6848	0.4988	0.6132	0.0954	0.7842	(null)	(null)	(null)	(null)	(null)	(null)	(null)	2020-09-24	10:12:44.751	TTL1	APcoil	0.0000	(null)	1	10.0000	90.0000	131.3390
Sample 52	Session imported from “Hotspot+Block1.txt”	52	Sample 19	171.1756	139.6945	196.2067	-0.5885	0.7209	0.3659	-0.5186	-0.6838	0.5133	0.6203	0.1123	0.7763	(null)	(null)	(null)	(null)	(null)	(null)	(null)	2020-09-24	10:12:53.779	TTL1	APcoil	0.0000	(null)	1	10.0000	90.0000	140.4756
Sample 53	Session imported from “Hotspot+Block1.txt”	53	Sample 19	170.8517	139.7674	196.3631	-0.5930	0.7121	0.3760	-0.5302	-0.6967	0.4832	0.6060	0.0872	0.7907	(null)	(null)	(null)	(null)	(null)	(null)	(null)	2020-09-24	10:13:01.624	TTL1	APcoil	0.0000	(null)	1	10.0000	90.0000	135.9073
Sample 54	Session imported from “Hotspot+Block1.txt”	54	Sample 19	171.0684	140.1384	196.2732	-0.6043	0.7060	0.3693	-0.5166	-0.7001	0.4930	0.6066	0.1071	0.7878	(null)	(null)	(null)	(null)	(null)	(null)	(null)	2020-09-24	10:13:09.733	TTL1	APcoil	0.0000	(null)	1	10.0000	90.0000	833.7168
Sample 55	Session imported from “Hotspot+Block1.txt”	55	Sample 19	171.3294	139.7648	196.1361	-0.6026	0.7068	0.3705	-0.5162	-0.6993	0.4945	0.6086	0.1068	0.7862	(null)	(null)	(null)	(null)	(null)	(null)	(null)	2020-09-24	10:13:16.770	TTL1	APcoil	0.0000	(null)	1	10.0000	90.0000	143.9018
Sample 56	Session imported from “Hotspot+Block1.txt”	56	Sample 19	171.4146	140.1830	196.1103	-0.6044	0.7052	0.3706	-0.5069	-0.6993	0.5040	0.6146	0.1168	0.7801	(null)	(null)	(null)	(null)	(null)	(null)	(null)	2020-09-24	10:13:25.659	TTL1	APcoil	0.0000	(null)	1	10.0000	90.0000	169.0275
Sample 57	Session imported from “Hotspot+Block1.txt”	57	Sample 19	171.0960	139.4942	196.2375	-0.6059	0.7083	0.3621	-0.4946	-0.6920	0.5259	0.6231	0.1395	0.7696	(null)	(null)	(null)	(null)	(null)	(null)	(null)	2020-09-24	10:13:33.741	TTL1	APcoil	0.0000	(null)	1	10.0000	90.0000	585.8860
Sample 58	Session imported from “Hotspot+Block1.txt”	58	Sample 19	171.4082	140.3248	196.1204	-0.6148	0.6946	0.3737	-0.5116	-0.7118	0.4813	0.6003	0.1047	0.7929	(null)	(null)	(null)	(null)	(null)	(null)	(null)	2020-09-24	10:13:42.393	TTL1	APcoil	0.0000	(null)	1	10.0000	90.0000	122.2023
Sample 59	Session imported from “Hotspot+Block1.txt”	59	Sample1PMCreverse	(null)	(null)	(null)	(null)	(null)	(null)	(null)	(null)	(null)	(null)	(null)	(null)	(null)	(null)	(null)	(null)	(null)	(null)	(null)	2020-09-24	10:20:25.278	TTL1	Pointer	0.0000	(null)	(null)	(null)	(null)	(null)
Sample 60	Session imported from “Hotspot+Block1.txt”	60	Sample1PMCreverse	(null)	(null)	(null)	(null)	(null)	(null)	(null)	(null)	(null)	(null)	(null)	(null)	(null)	(null)	(null)	(null)	(null)	(null)	(null)	2020-09-24	10:20:25.780	TTL1	Pointer	0.0000	(null)	(null)	(null)	(null)	(null)
Sample 61	Session imported from “Hotspot+Block1.txt”	61	Sample1PMCreverse	(null)	(null)	(null)	(null)	(null)	(null)	(null)	(null)	(null)	(null)	(null)	(null)	(null)	(null)	(null)	(null)	(null)	(null)	(null)	2020-09-24	10:20:26.379	TTL1	Pointer	0.0000	(null)	(null)	(null)	(null)	(null)
Sample 62	Session imported from “Hotspot+Block1.txt”	62	Sample1PMCreverse	(null)	(null)	(null)	(null)	(null)	(null)	(null)	(null)	(null)	(null)	(null)	(null)	(null)	(null)	(null)	(null)	(null)	(null)	(null)	2020-09-24	10:20:26.881	TTL1	Pointer	0.0000	(null)	(null)	(null)	(null)	(null)
Sample 63	Session imported from “Hotspot+Block1.txt”	63	Sample1PMCreverse	(null)	(null)	(null)	(null)	(null)	(null)	(null)	(null)	(null)	(null)	(null)	(null)	(null)	(null)	(null)	(null)	(null)	(null)	(null)	2020-09-24	10:20:27.480	TTL1	Pointer	0.0000	(null)	(null)	(null)	(null)	(null)
Sample 64	Session imported from “Hotspot+Block1.txt”	64	Sample1PMCreverse	(null)	(null)	(null)	(null)	(null)	(null)	(null)	(null)	(null)	(null)	(null)	(null)	(null)	(null)	(null)	(null)	(null)	(null)	(null)	2020-09-24	10:20:27.981	TTL1	Pointer	0.0000	(null)	(null)	(null)	(null)	(null)
Sample 65	Session imported from “Hotspot+Block1.txt”	65	Sample1PMCreverse	(null)	(null)	(null)	(null)	(null)	(null)	(null)	(null)	(null)	(null)	(null)	(null)	(null)	(null)	(null)	(null)	(null)	(null)	(null)	2020-09-24	10:20:28.580	TTL1	Pointer	0.0000	(null)	(null)	(null)	(null)	(null)
Sample 66	Session imported from “Hotspot+Block1.txt”	66	Sample1PMCreverse	(null)	(null)	(null)	(null)	(null)	(null)	(null)	(null)	(null)	(null)	(null)	(null)	(null)	(null)	(null)	(null)	(null)	(null)	(null)	2020-09-24	10:20:29.179	TTL1	Pointer	0.0000	(null)	(null)	(null)	(null)	(null)
Sample 67	Session imported from “Hotspot+Block1.txt”	67	Sample1PMCreverse	(null)	(null)	(null)	(null)	(null)	(null)	(null)	(null)	(null)	(null)	(null)	(null)	(null)	(null)	(null)	(null)	(null)	(null)	(null)	2020-09-24	10:20:47.509	TTL1	Pointer	0.0000	(null)	(null)	(null)	(null)	(null)
Sample 68	Session imported from “Hotspot+Block1.txt”	68	Sample1PMCreverse	(null)	(null)	(null)	(null)	(null)	(null)	(null)	(null)	(null)	(null)	(null)	(null)	(null)	(null)	(null)	(null)	(null)	(null)	(null)	2020-09-24	10:20:48.011	TTL1	Pointer	0.0000	(null)	(null)	(null)	(null)	(null)
Sample 69	Session imported from “Hotspot+Block1.txt”	69	Sample1PMCreverse	(null)	(null)	(null)	(null)	(null)	(null)	(null)	(null)	(null)	(null)	(null)	(null)	(null)	(null)	(null)	(null)	(null)	(null)	(null)	2020-09-24	10:20:48.513	TTL1	Pointer	0.0000	(null)	(null)	(null)	(null)	(null)
Sample 70	Session imported from “Hotspot+Block1.txt”	70	Sample1PMCreverse	(null)	(null)	(null)	(null)	(null)	(null)	(null)	(null)	(null)	(null)	(null)	(null)	(null)	(null)	(null)	(null)	(null)	(null)	(null)	2020-09-24	10:20:49.014	TTL1	Pointer	0.0000	(null)	(null)	(null)	(null)	(null)
Sample 71	Session imported from “Hotspot+Block1.txt”	71	Sample1PMCreverse	(null)	(null)	(null)	(null)	(null)	(null)	(null)	(null)	(null)	(null)	(null)	(null)	(null)	(null)	(null)	(null)	(null)	(null)	(null)	2020-09-24	10:20:49.515	TTL1	Pointer	0.0000	(null)	(null)	(null)	(null)	(null)
Sample 72	Session imported from “Hotspot+Block1.txt”	72	Sample1PMCreverse	(null)	(null)	(null)	(null)	(null)	(null)	(null)	(null)	(null)	(null)	(null)	(null)	(null)	(null)	(null)	(null)	(null)	(null)	(null)	2020-09-24	10:20:50.017	TTL1	Pointer	0.0000	(null)	(null)	(null)	(null)	(null)
Sample 73	Session imported from “Hotspot+Block1.txt”	73	Sample1PMCreverse	(null)	(null)	(null)	(null)	(null)	(null)	(null)	(null)	(null)	(null)	(null)	(null)	(null)	(null)	(null)	(null)	(null)	(null)	(null)	2020-09-24	10:20:50.519	TTL1	Pointer	0.0000	(null)	(null)	(null)	(null)	(null)
Sample 74	Session imported from “Hotspot+Block1.txt”	74	Sample1PMCreverse	(null)	(null)	(null)	(null)	(null)	(null)	(null)	(null)	(null)	(null)	(null)	(null)	(null)	(null)	(null)	(null)	(null)	(null)	(null)	2020-09-24	10:20:51.020	TTL1	Pointer	0.0000	(null)	(null)	(null)	(null)	(null)
Sample 75	Session imported from “Hotspot+Block1.txt”	75	Sample1PMCreverse	(null)	(null)	(null)	(null)	(null)	(null)	(null)	(null)	(null)	(null)	(null)	(null)	(null)	(null)	(null)	(null)	(null)	(null)	(null)	2020-09-24	11:15:39.688	TTL1	APcoil	0.0000	(null)	(null)	(null)	(null)	(null)
Sample 76	Session imported from “Hotspot+Block1.txt”	76	Sample 15	174.4060	143.3940	194.9509	-0.6361	0.7064	0.3106	-0.5488	-0.6971	0.4614	0.5424	0.1230	0.8310	(null)	(null)	(null)	(null)	(null)	(null)	(null)	2020-09-24	11:24:42.474	TTL1	APcoil	0.0000	(null)	(null)	(null)	(null)	(null)
Sample 77	Session imported from “Hotspot+Block1.txt”	77	Sample 15	174.5129	143.4962	194.8772	-0.6378	0.7046	0.3112	-0.5467	-0.6987	0.4615	0.5426	0.1242	0.8308	(null)	(null)	(null)	(null)	(null)	(null)	(null)	2020-09-24	11:24:42.975	TTL1	APcoil	0.0000	(null)	(null)	(null)	(null)	(null)
Sample 78	Session imported from “Hotspot+Block1.txt”	78	Sample 15	174.2881	143.0938	195.0125	-0.6373	0.7045	0.3122	-0.5484	-0.6993	0.4586	0.5414	0.1211	0.8320	(null)	(null)	(null)	(null)	(null)	(null)	(null)	2020-09-24	11:24:43.477	TTL1	APcoil	0.0000	(null)	(null)	(null)	(null)	(null)
Sample 79	Session imported from “Hotspot+Block1.txt”	79	Sample 15	174.3444	142.7815	194.9420	-0.6374	0.7048	0.3115	-0.5497	-0.6992	0.4571	0.5400	0.1201	0.8331	(null)	(null)	(null)	(null)	(null)	(null)	(null)	2020-09-24	11:24:43.979	TTL1	APcoil	0.0000	(null)	(null)	(null)	(null)	(null)
Sample 80	Session imported from “Hotspot+Block1.txt”	80	Sample 15	174.4537	142.9109	194.8672	-0.6362	0.7047	0.3141	-0.5501	-0.6998	0.4558	0.5410	0.1172	0.8328	(null)	(null)	(null)	(null)	(null)	(null)	(null)	2020-09-24	11:24:44.480	TTL1	APcoil	0.0000	(null)	(null)	(null)	(null)	(null)
Sample 81	Session imported from “Hotspot+Block1.txt”	81	Sample 15	174.3313	143.0007	194.9687	-0.6363	0.7047	0.3139	-0.5491	-0.6995	0.4573	0.5418	0.1186	0.8321	(null)	(null)	(null)	(null)	(null)	(null)	(null)	2020-09-24	11:24:44.981	TTL1	APcoil	0.0000	(null)	(null)	(null)	(null)	(null)
Sample 82	Session imported from “Hotspot+Block1.txt”	82	Sample 15	174.0428	143.5022	195.2491	-0.6384	0.7037	0.3120	-0.5482	-0.7002	0.4574	0.5403	0.1210	0.8327	(null)	(null)	(null)	(null)	(null)	(null)	(null)	2020-09-24	11:24:45.580	TTL1	APcoil	0.0000	(null)	(null)	(null)	(null)	(null)
Sample 83	Session imported from “Hotspot+Block1.txt”	83	Sample 15	174.3594	143.3344	194.9814	-0.6382	0.7041	0.3114	-0.5503	-0.7001	0.4551	0.5384	0.1191	0.8342	(null)	(null)	(null)	(null)	(null)	(null)	(null)	2020-09-24	11:24:46.082	TTL1	APcoil	0.0000	(null)	(null)	(null)	(null)	(null)
Sample 84	Session imported from “Hotspot+Block1.txt”	84	Sample 15	174.5942	143.4259	194.8056	-0.6258	0.7165	0.3082	-0.5629	-0.6884	0.4574	0.5399	0.1127	0.8342	(null)	(null)	(null)	(null)	(null)	(null)	(null)	2020-09-24	11:24:56.380	TTL1	APcoil	0.0000	(null)	(null)	(null)	(null)	(null)
Sample 85	Session imported from “Hotspot+Block1.txt”	85	Sample 15	174.7020	143.5129	194.7295	-0.6268	0.7163	0.3067	-0.5631	-0.6885	0.4571	0.5386	0.1138	0.8349	(null)	(null)	(null)	(null)	(null)	(null)	(null)	2020-09-24	11:24:56.881	TTL1	APcoil	0.0000	(null)	(null)	(null)	(null)	(null)
Sample 86	Session imported from “Hotspot+Block1.txt”	86	Sample 15	174.6978	143.4409	194.7253	-0.6275	0.7165	0.3047	-0.5633	-0.6879	0.4577	0.5376	0.1156	0.8353	(null)	(null)	(null)	(null)	(null)	(null)	(null)	2020-09-24	11:24:57.382	TTL1	APcoil	0.0000	(null)	(null)	(null)	(null)	(null)
Sample 87	Session imported from “Hotspot+Block1.txt”	87	Sample 15	174.6477	143.5046	194.7716	-0.6283	0.7153	0.3061	-0.5622	-0.6893	0.4569	0.5378	0.1150	0.8352	(null)	(null)	(null)	(null)	(null)	(null)	(null)	2020-09-24	11:24:57.884	TTL1	APcoil	0.0000	(null)	(null)	(null)	(null)	(null)
Sample 88	Session imported from “Hotspot+Block1.txt”	88	Sample 15	174.5754	143.4909	194.8272	-0.6276	0.7165	0.3046	-0.5636	-0.6880	0.4571	0.5371	0.1152	0.8356	(null)	(null)	(null)	(null)	(null)	(null)	(null)	2020-09-24	11:24:58.483	TTL1	APcoil	0.0000	(null)	(null)	(null)	(null)	(null)
Sample 89	Session imported from “Hotspot+Block1.txt”	89	Sample 15	174.5445	143.4255	194.8448	-0.6286	0.7151	0.3057	-0.5612	-0.6892	0.4582	0.5384	0.1165	0.8346	(null)	(null)	(null)	(null)	(null)	(null)	(null)	2020-09-24	11:24:59.083	TTL1	APcoil	0.0000	(null)	(null)	(null)	(null)	(null)
Sample 90	Session imported from “Hotspot+Block1.txt”	90	Sample 15	174.4267	143.3752	194.9326	-0.6286	0.7148	0.3065	-0.5606	-0.6896	0.4585	0.5391	0.1164	0.8341	(null)	(null)	(null)	(null)	(null)	(null)	(null)	2020-09-24	11:24:59.584	TTL1	APcoil	0.0000	(null)	(null)	(null)	(null)	(null)
Sample 91	Session imported from “Hotspot+Block1.txt”	91	Sample 15	174.4250	143.5077	194.9478	-0.6288	0.7149	0.3059	-0.5608	-0.6894	0.4585	0.5387	0.1168	0.8344	(null)	(null)	(null)	(null)	(null)	(null)	(null)	2020-09-24	11:25:00.085	TTL1	APcoil	0.0000	(null)	(null)	(null)	(null)	(null)
Sample 92	Session imported from “Hotspot+Block1.txt”	92	Sample 15	174.6346	143.5352	194.7851	-0.6231	0.7207	0.3038	-0.5623	-0.6828	0.4664	0.5436	0.1198	0.8308	(null)	(null)	(null)	(null)	(null)	(null)	(null)	2020-09-24	11:25:10.284	TTL1	APcoil	0.0000	(null)	(null)	(null)	(null)	(null)
Sample 93	Session imported from “Hotspot+Block1.txt”	93	Sample 15	174.5728	143.7590	194.8485	-0.6239	0.7200	0.3039	-0.5614	-0.6834	0.4666	0.5436	0.1205	0.8306	(null)	(null)	(null)	(null)	(null)	(null)	(null)	2020-09-24	11:25:10.786	TTL1	APcoil	0.0000	(null)	(null)	(null)	(null)	(null)
Sample 94	Session imported from “Hotspot+Block1.txt”	94	Sample 15	174.4812	143.6863	194.9199	-0.6250	0.7188	0.3044	-0.5616	-0.6849	0.4642	0.5422	0.1192	0.8318	(null)	(null)	(null)	(null)	(null)	(null)	(null)	2020-09-24	11:25:11.386	TTL1	APcoil	0.0000	(null)	(null)	(null)	(null)	(null)
Sample 95	Session imported from “Hotspot+Block1.txt”	95	Sample 15	174.4520	143.6673	194.9429	-0.6251	0.7188	0.3042	-0.5620	-0.6850	0.4636	0.5416	0.1188	0.8322	(null)	(null)	(null)	(null)	(null)	(null)	(null)	2020-09-24	11:25:11.984	TTL1	APcoil	0.0000	(null)	(null)	(null)	(null)	(null)
Sample 96	Session imported from “Hotspot+Block1.txt”	96	Sample 15	174.5046	143.6102	194.8957	-0.6252	0.7185	0.3047	-0.5629	-0.6856	0.4617	0.5406	0.1171	0.8331	(null)	(null)	(null)	(null)	(null)	(null)	(null)	2020-09-24	11:25:12.486	TTL1	APcoil	0.0000	(null)	(null)	(null)	(null)	(null)
Sample 97	Session imported from “Hotspot+Block1.txt”	97	Sample 15	174.4605	143.5120	194.9203	-0.6258	0.7180	0.3047	-0.5615	-0.6859	0.4629	0.5414	0.1186	0.8324	(null)	(null)	(null)	(null)	(null)	(null)	(null)	2020-09-24	11:25:13.085	TTL1	APcoil	0.0000	(null)	(null)	(null)	(null)	(null)
Sample 98	Session imported from “Hotspot+Block1.txt”	98	Sample 15	174.6230	143.5430	194.7951	-0.6249	0.7189	0.3046	-0.5637	-0.6853	0.4611	0.5402	0.1164	0.8334	(null)	(null)	(null)	(null)	(null)	(null)	(null)	2020-09-24	11:25:13.586	TTL1	APcoil	0.0000	(null)	(null)	(null)	(null)	(null)
Sample 99	Session imported from “Hotspot+Block1.txt”	99	Sample 15	174.5666	143.5063	194.8358	-0.6262	0.7182	0.3034	-0.5636	-0.6859	0.4603	0.5387	0.1172	0.8343	(null)	(null)	(null)	(null)	(null)	(null)	(null)	2020-09-24	11:25:14.186	TTL1	APcoil	0.0000	(null)	(null)	(null)	(null)	(null)
Sample 100	Session imported from “Hotspot+Block1.txt”	100	Sample 15	174.2325	143.6423	195.1139	-0.6185	0.7214	0.3114	-0.5612	-0.6830	0.4675	0.5500	0.1144	0.8273	(null)	(null)	(null)	(null)	(null)	(null)	(null)	2020-09-24	11:25:24.176	TTL1	APcoil	0.0000	(null)	(null)	(null)	(null)	(null)
Sample 101	Session imported from “Hotspot+Block1.txt”	101	Sample 15	174.3271	143.6155	195.0364	-0.6187	0.7217	0.3104	-0.5627	-0.6828	0.4659	0.5482	0.1136	0.8286	(null)	(null)	(null)	(null)	(null)	(null)	(null)	2020-09-24	11:25:24.677	TTL1	APcoil	0.0000	(null)	(null)	(null)	(null)	(null)
Sample 102	Session imported from “Hotspot+Block1.txt”	102	Sample 15	174.3449	143.5865	195.0193	-0.6190	0.7213	0.3106	-0.5633	-0.6834	0.4644	0.5472	0.1125	0.8294	(null)	(null)	(null)	(null)	(null)	(null)	(null)	2020-09-24	11:25:25.178	TTL1	APcoil	0.0000	(null)	(null)	(null)	(null)	(null)
Sample 103	Session imported from “Hotspot+Block1.txt”	103	Sample 15	174.3567	143.5895	195.0104	-0.6192	0.7213	0.3102	-0.5648	-0.6836	0.4622	0.5455	0.1110	0.8307	(null)	(null)	(null)	(null)	(null)	(null)	(null)	2020-09-24	11:25:25.680	TTL1	APcoil	0.0000	(null)	(null)	(null)	(null)	(null)
Sample 104	Session imported from “Hotspot+Block1.txt”	104	Sample 15	174.3651	143.6448	195.0095	-0.6189	0.7212	0.3112	-0.5649	-0.6840	0.4616	0.5458	0.1099	0.8307	(null)	(null)	(null)	(null)	(null)	(null)	(null)	2020-09-24	11:25:26.181	TTL1	APcoil	0.0000	(null)	(null)	(null)	(null)	(null)
Sample 105	Session imported from “Hotspot+Block1.txt”	105	Sample 15	174.2701	143.6584	195.0859	-0.6187	0.7204	0.3135	-0.5635	-0.6849	0.4618	0.5474	0.1091	0.8297	(null)	(null)	(null)	(null)	(null)	(null)	(null)	2020-09-24	11:25:26.683	TTL1	APcoil	0.0000	(null)	(null)	(null)	(null)	(null)
Sample 106	Session imported from “Hotspot+Block1.txt”	106	Sample 15	174.3835	143.7072	195.0009	-0.6179	0.7216	0.3123	-0.5653	-0.6838	0.4614	0.5465	0.1086	0.8304	(null)	(null)	(null)	(null)	(null)	(null)	(null)	2020-09-24	11:25:27.184	TTL1	APcoil	0.0000	(null)	(null)	(null)	(null)	(null)
Sample 107	Session imported from “Hotspot+Block1.txt”	107	Sample 15	174.2575	143.7862	195.1078	-0.6195	0.7199	0.3131	-0.5636	-0.6855	0.4610	0.5465	0.1091	0.8303	(null)	(null)	(null)	(null)	(null)	(null)	(null)	2020-09-24	11:25:27.685	TTL1	APcoil	0.0000	(null)	(null)	(null)	(null)	(null)
Sample 108	Session imported from “Hotspot+Block1.txt”	108	Sample1PMCreverse	167.1605	134.1078	197.7836	-0.6746	0.6824	0.2816	-0.6373	-0.7309	0.2444	0.3726	-0.0146	0.9279	(null)	(null)	(null)	(null)	(null)	(null)	(null)	2020-09-24	11:26:19.072	TTL1	APcoil	0.0000	(null)	(null)	(null)	(null)	(null)
Sample 109	Session imported from “Hotspot+Block1.txt”	109	Sample1PMCreverse	166.8758	133.9185	197.8892	-0.6748	0.6822	0.2815	-0.6352	-0.7311	0.2491	0.3757	-0.0107	0.9267	(null)	(null)	(null)	(null)	(null)	(null)	(null)	2020-09-24	11:26:19.574	TTL1	APcoil	0.0000	(null)	(null)	(null)	(null)	(null)
Sample 110	Session imported from “Hotspot+Block1.txt”	110	Sample1PMCreverse	167.3794	133.9320	197.7063	-0.6744	0.6824	0.2821	-0.6355	-0.7309	0.2489	0.3760	-0.0114	0.9265	(null)	(null)	(null)	(null)	(null)	(null)	(null)	2020-09-24	11:26:20.075	TTL1	APcoil	0.0000	(null)	(null)	(null)	(null)	(null)
Sample 111	Session imported from “Hotspot+Block1.txt”	111	Sample1PMCreverse	167.3544	133.8695	197.7160	-0.6739	0.6827	0.2824	-0.6349	-0.7306	0.2512	0.3779	-0.0100	0.9258	(null)	(null)	(null)	(null)	(null)	(null)	(null)	2020-09-24	11:26:20.577	TTL1	APcoil	0.0000	(null)	(null)	(null)	(null)	(null)
Sample 112	Session imported from “Hotspot+Block1.txt”	112	Sample1PMCreverse	167.0975	133.9614	197.8078	-0.6737	0.6831	0.2820	-0.6340	-0.7303	0.2543	0.3797	-0.0075	0.9251	(null)	(null)	(null)	(null)	(null)	(null)	(null)	2020-09-24	11:26:21.079	TTL1	APcoil	0.0000	(null)	(null)	(null)	(null)	(null)
Sample 113	Session imported from “Hotspot+Block1.txt”	113	Sample1PMCreverse	166.9665	133.9322	197.8554	-0.6743	0.6828	0.2815	-0.6324	-0.7306	0.2573	0.3813	-0.0045	0.9244	(null)	(null)	(null)	(null)	(null)	(null)	(null)	2020-09-24	11:26:21.580	TTL1	APcoil	0.0000	(null)	(null)	(null)	(null)	(null)
Sample 114	Session imported from “Hotspot+Block1.txt”	114	Sample1PMCreverse	166.8745	134.0090	197.8930	-0.6740	0.6829	0.2819	-0.6320	-0.7305	0.2587	0.3826	-0.0038	0.9239	(null)	(null)	(null)	(null)	(null)	(null)	(null)	2020-09-24	11:26:22.082	TTL1	APcoil	0.0000	(null)	(null)	(null)	(null)	(null)
Sample 115	Session imported from “Hotspot+Block1.txt”	115	Sample1PMCreverse	166.5110	133.9376	198.0393	-0.6734	0.6840	0.2804	-0.6328	-0.7295	0.2597	0.3822	-0.0026	0.9241	(null)	(null)	(null)	(null)	(null)	(null)	(null)	2020-09-24	11:26:22.583	TTL1	APcoil	0.0000	(null)	(null)	(null)	(null)	(null)
Sample 116	Session imported from “Hotspot+Block1.txt”	116	Sample1PMCreverse	167.0994	134.0544	197.8062	-0.6665	0.6902	0.2816	-0.6375	-0.7236	0.2645	0.3864	-0.0032	0.9223	(null)	(null)	(null)	(null)	(null)	(null)	(null)	2020-09-24	11:26:32.977	TTL1	APcoil	0.0000	(null)	(null)	(null)	(null)	(null)
Sample 117	Session imported from “Hotspot+Block1.txt”	117	Sample1PMCreverse	167.1872	134.1160	197.7739	-0.6658	0.6907	0.2823	-0.6379	-0.7231	0.2648	0.3870	-0.0038	0.9221	(null)	(null)	(null)	(null)	(null)	(null)	(null)	2020-09-24	11:26:33.479	TTL1	APcoil	0.0000	(null)	(null)	(null)	(null)	(null)
Sample 118	Session imported from “Hotspot+Block1.txt”	118	Sample1PMCreverse	167.1796	134.0082	197.7777	-0.6669	0.6905	0.2802	-0.6374	-0.7233	0.2655	0.3860	-0.0015	0.9225	(null)	(null)	(null)	(null)	(null)	(null)	(null)	2020-09-24	11:26:33.980	TTL1	APcoil	0.0000	(null)	(null)	(null)	(null)	(null)
Sample 119	Session imported from “Hotspot+Block1.txt”	119	Sample1PMCreverse	167.2693	134.0851	197.7446	-0.6682	0.6891	0.2804	-0.6349	-0.7247	0.2678	0.3878	0.0009	0.9218	(null)	(null)	(null)	(null)	(null)	(null)	(null)	2020-09-24	11:26:34.481	TTL1	APcoil	0.0000	(null)	(null)	(null)	(null)	(null)
Sample 120	Session imported from “Hotspot+Block1.txt”	120	Sample1PMCreverse	167.4742	134.1475	197.6726	-0.6675	0.6901	0.2796	-0.6356	-0.7237	0.2689	0.3879	0.0018	0.9217	(null)	(null)	(null)	(null)	(null)	(null)	(null)	2020-09-24	11:26:34.982	TTL1	APcoil	0.0000	(null)	(null)	(null)	(null)	(null)
Sample 121	Session imported from “Hotspot+Block1.txt”	121	Sample1PMCreverse	167.2846	134.0374	197.7395	-0.6695	0.6883	0.2795	-0.6325	-0.7254	0.2714	0.3895	0.0049	0.9210	(null)	(null)	(null)	(null)	(null)	(null)	(null)	2020-09-24	11:26:35.484	TTL1	APcoil	0.0000	(null)	(null)	(null)	(null)	(null)
Sample 122	Session imported from “Hotspot+Block1.txt”	122	Sample1PMCreverse	167.3908	133.8416	197.7031	-0.6683	0.6891	0.2802	-0.6308	-0.7246	0.2775	0.3943	0.0087	0.9190	(null)	(null)	(null)	(null)	(null)	(null)	(null)	2020-09-24	11:26:35.985	TTL1	APcoil	0.0000	(null)	(null)	(null)	(null)	(null)
Sample 123	Session imported from “Hotspot+Block1.txt”	123	Sample1PMCreverse	167.3808	133.8614	197.7066	-0.6681	0.6895	0.2796	-0.6311	-0.7242	0.2779	0.3941	0.0092	0.9190	(null)	(null)	(null)	(null)	(null)	(null)	(null)	2020-09-24	11:26:36.585	TTL1	APcoil	0.0000	(null)	(null)	(null)	(null)	(null)
Sample 124	Session imported from “Hotspot+Block1.txt”	124	Sample1PMCreverse	167.3432	134.1055	197.7177	-0.6765	0.6849	0.2707	-0.6312	-0.7286	0.2660	0.3794	0.0091	0.9252	(null)	(null)	(null)	(null)	(null)	(null)	(null)	2020-09-24	11:26:46.877	TTL1	APcoil	0.0000	(null)	(null)	(null)	(null)	(null)
Sample 125	Session imported from “Hotspot+Block1.txt”	125	Sample1PMCreverse	167.3639	134.0647	197.7106	-0.6774	0.6846	0.2692	-0.6305	-0.7288	0.2670	0.3790	0.0111	0.9253	(null)	(null)	(null)	(null)	(null)	(null)	(null)	2020-09-24	11:26:47.378	TTL1	APcoil	0.0000	(null)	(null)	(null)	(null)	(null)
Sample 126	Session imported from “Hotspot+Block1.txt”	126	Sample1PMCreverse	167.3496	134.0595	197.7159	-0.6769	0.6838	0.2724	-0.6299	-0.7296	0.2664	0.3809	0.0087	0.9246	(null)	(null)	(null)	(null)	(null)	(null)	(null)	2020-09-24	11:26:47.881	TTL1	APcoil	0.0000	(null)	(null)	(null)	(null)	(null)
Sample 127	Session imported from “Hotspot+Block1.txt”	127	Sample1PMCreverse	167.4484	133.9373	197.6814	-0.6764	0.6840	0.2731	-0.6301	-0.7294	0.2662	0.3813	0.0080	0.9244	(null)	(null)	(null)	(null)	(null)	(null)	(null)	2020-09-24	11:26:48.382	TTL1	APcoil	0.0000	(null)	(null)	(null)	(null)	(null)
Sample 128	Session imported from “Hotspot+Block1.txt”	128	Sample1PMCreverse	167.3652	134.0210	197.7106	-0.6750	0.6853	0.2733	-0.6312	-0.7282	0.2670	0.3820	0.0077	0.9241	(null)	(null)	(null)	(null)	(null)	(null)	(null)	2020-09-24	11:26:48.884	TTL1	APcoil	0.0000	(null)	(null)	(null)	(null)	(null)
Sample 129	Session imported from “Hotspot+Block1.txt”	129	Sample1PMCreverse	167.3382	133.9707	197.7208	-0.6759	0.6846	0.2729	-0.6303	-0.7289	0.2673	0.3819	0.0087	0.9242	(null)	(null)	(null)	(null)	(null)	(null)	(null)	2020-09-24	11:26:49.386	TTL1	APcoil	0.0000	(null)	(null)	(null)	(null)	(null)
Sample 130	Session imported from “Hotspot+Block1.txt”	130	Sample1PMCreverse	167.2931	134.1818	197.7350	-0.6757	0.6855	0.2711	-0.6304	-0.7280	0.2696	0.3822	0.0113	0.9240	(null)	(null)	(null)	(null)	(null)	(null)	(null)	2020-09-24	11:26:49.887	TTL1	APcoil	0.0000	(null)	(null)	(null)	(null)	(null)
Sample 131	Session imported from “Hotspot+Block1.txt”	131	Sample1PMCreverse	167.2212	134.1140	197.7617	-0.6746	0.6859	0.2729	-0.6306	-0.7276	0.2701	0.3838	0.0101	0.9234	(null)	(null)	(null)	(null)	(null)	(null)	(null)	2020-09-24	11:26:50.486	TTL1	APcoil	0.0000	(null)	(null)	(null)	(null)	(null)
Sample 132	Session imported from “Hotspot+Block1.txt”	132	Sample1PMCreverse	167.3272	133.7863	197.7266	-0.6696	0.6932	0.2667	-0.6411	-0.7207	0.2638	0.3751	0.0057	0.9270	(null)	(null)	(null)	(null)	(null)	(null)	(null)	2020-09-24	11:27:00.778	TTL1	APcoil	0.0000	(null)	(null)	(null)	(null)	(null)
Sample 133	Session imported from “Hotspot+Block1.txt”	133	Sample1PMCreverse	167.2772	133.8550	197.7440	-0.6692	0.6939	0.2660	-0.6417	-0.7201	0.2641	0.3748	0.0060	0.9271	(null)	(null)	(null)	(null)	(null)	(null)	(null)	2020-09-24	11:27:01.280	TTL1	APcoil	0.0000	(null)	(null)	(null)	(null)	(null)
Sample 134	Session imported from “Hotspot+Block1.txt”	134	Sample1PMCreverse	167.2899	133.9692	197.7383	-0.6695	0.6930	0.2676	-0.6418	-0.7210	0.2614	0.3741	0.0033	0.9274	(null)	(null)	(null)	(null)	(null)	(null)	(null)	2020-09-24	11:27:01.781	TTL1	APcoil	0.0000	(null)	(null)	(null)	(null)	(null)
Sample 135	Session imported from “Hotspot+Block1.txt”	135	Sample1PMCreverse	167.2044	133.8373	197.7705	-0.6696	0.6927	0.2678	-0.6410	-0.7212	0.2626	0.3751	0.0042	0.9270	(null)	(null)	(null)	(null)	(null)	(null)	(null)	2020-09-24	11:27:02.283	TTL1	APcoil	0.0000	(null)	(null)	(null)	(null)	(null)
Sample 136	Session imported from “Hotspot+Block1.txt”	136	Sample1PMCreverse	167.2733	133.9676	197.7443	-0.6701	0.6926	0.2670	-0.6414	-0.7213	0.2613	0.3736	0.0038	0.9276	(null)	(null)	(null)	(null)	(null)	(null)	(null)	2020-09-24	11:27:02.785	TTL1	APcoil	0.0000	(null)	(null)	(null)	(null)	(null)
