# Version: 12
# Coordinate system: Brainsight
# Created by: Brainsight 2.5b3
# X=right->left, Y=anterior->posterior, Z=inferior->superior
# Units: millimetres, degrees, milliseconds, and microvolts
# Encoding: UTF-8
# Notes: Each column is delimited by a tab. Each value within a column is delimited by a semicolon.
# Sample Name	Session Name	Index	Assoc. Target	Loc. X	Loc. Y	Loc. Z	m0n0	m0n1	m0n2	m1n0	m1n1	m1n2	m2n0	m2n1	m2n2	Dist. to Target	Target Error	Angular Error	Twist Error	Stim. Power A	Stim. Pulse Interval	Stim. Power B	Date	Time	Creation Cause	Crosshairs Driver	Offset	Comment	EMG Channels	EMG Window Start	EMG Window End	EMG Peak-to-peak 1
Sample 1	Session imported from “Hotspot+Block1.txt”	1	PSC	166.4668	173.3348	192.0973	-0.5635	0.8057	0.1824	-0.6173	-0.5574	0.5552	0.5490	0.2003	0.8115	(null)	(null)	(null)	(null)	(null)	(null)	(null)	2020-10-01	10:07:45.542	TTL1	APcoil	0.0000	(null)	1	10.0000	90.0000	6.8525
Sample 2	Session imported from “Hotspot+Block1.txt”	2	PSC	164.0122	154.9634	198.5406	-0.6080	0.7444	0.2760	-0.5728	-0.6520	0.4968	0.5498	0.1440	0.8228	(null)	(null)	(null)	(null)	(null)	(null)	(null)	2020-10-01	10:08:09.394	TTL1	APcoil	0.0000	(null)	1	10.0000	90.0000	22.8416
Sample 3	Session imported from “Hotspot+Block1.txt”	3	PSC	170.7935	151.6582	196.7545	-0.6126	0.7439	0.2670	-0.5842	-0.6537	0.4810	0.5324	0.1387	0.8351	(null)	(null)	(null)	(null)	(null)	(null)	(null)	2020-10-01	10:08:21.402	TTL1	APcoil	0.0000	(null)	1	10.0000	90.0000	109.6395
Sample 4	Session imported from “Hotspot+Block1.txt”	4	PSC	174.4233	159.7248	193.4309	-0.6036	0.7565	0.2519	-0.5947	-0.6376	0.4897	0.5310	0.1458	0.8347	(null)	(null)	(null)	(null)	(null)	(null)	(null)	2020-10-01	10:08:29.187	TTL1	APcoil	0.0000	(null)	1	10.0000	90.0000	134.7652
Sample 5	Session imported from “Hotspot+Block1.txt”	5	PSC	164.0041	149.7229	198.9910	-0.6401	0.7353	0.2228	-0.6070	-0.6617	0.4401	0.4710	0.1465	0.8699	(null)	(null)	(null)	(null)	(null)	(null)	(null)	2020-10-01	10:08:33.418	TTL1	APcoil	0.0000	(null)	1	10.0000	90.0000	131.3390
Sample 6	Session imported from “Hotspot+Block1.txt”	6	PSC	174.2593	142.5062	194.9883	-0.5499	0.7937	0.2600	-0.6459	-0.6015	0.4702	0.5296	0.0906	0.8434	(null)	(null)	(null)	(null)	(null)	(null)	(null)	2020-10-01	10:08:38.042	TTL1	APcoil	0.0000	(null)	1	10.0000	90.0000	140.4756
Sample 7	Session imported from “Hotspot+Block1.txt”	7	PSC	165.0761	158.1157	197.6991	-0.6191	0.7662	0.1725	-0.6338	-0.6171	0.4664	0.4638	0.1794	0.8676	(null)	(null)	(null)	(null)	(null)	(null)	(null)	2020-10-01	10:08:49.187	TTL1	APcoil	0.0000	(null)	1	10.0000	90.0000	186.1587
Sample 8	Session imported from “Hotspot+Block1.txt”	8	PSC	177.4770	166.4119	189.2857	-0.5583	0.8144	0.1584	-0.6447	-0.5460	0.5351	0.5222	0.1966	0.8298	(null)	(null)	(null)	(null)	(null)	(null)	(null)	2020-10-01	10:08:53.824	TTL1	APcoil	0.0000	(null)	1	10.0000	90.0000	187.3008
Sample 9	Session imported from “Hotspot+Block1.txt”	9	PSC	191.3134	166.8673	176.9449	-0.6099	0.7519	0.2502	-0.5458	-0.6275	0.5553	0.5745	0.2021	0.7931	(null)	(null)	(null)	(null)	(null)	(null)	(null)	2020-10-01	10:09:13.957	TTL1	APcoil	0.0000	(null)	1	10.0000	90.0000	63.9564
Sample 10	Session imported from “Hotspot+Block1.txt”	10	PSC	165.5823	165.1224	195.8080	-0.5556	0.8176	0.1509	-0.6654	-0.5461	0.5090	0.4986	0.1824	0.8474	(null)	(null)	(null)	(null)	(null)	(null)	(null)	2020-10-01	10:10:01.240	TTL1	APcoil	0.0000	(null)	1	10.0000	90.0000	291.2299
Sample 11	Session imported from “Hotspot+Block1.txt”	11	PSC	170.0646	148.3790	197.1508	-0.4819	0.8569	0.1829	-0.7262	-0.5074	0.4639	0.4903	0.0907	0.8668	(null)	(null)	(null)	(null)	(null)	(null)	(null)	2020-10-01	10:10:09.581	TTL1	APcoil	0.0000	(null)	1	10.0000	90.0000	682.9626
Sample 12	Session imported from “Hotspot+Block1.txt”	12	Sample 11	171.5195	149.8357	196.5916	-0.4932	0.8499	0.1858	-0.7135	-0.5173	0.4725	0.4977	0.1005	0.8615	(null)	(null)	(null)	(null)	(null)	(null)	(null)	2020-10-01	10:10:25.929	TTL1	APcoil	0.0000	(null)	1	10.0000	90.0000	394.0169
Sample 13	Session imported from “Hotspot+Block1.txt”	13	Sample 11	171.3568	148.4743	196.6831	-0.5246	0.8277	0.1993	-0.6740	-0.5468	0.4967	0.5201	0.1262	0.8447	(null)	(null)	(null)	(null)	(null)	(null)	(null)	2020-10-01	10:10:35.513	TTL1	APcoil	0.0000	(null)	1	10.0000	90.0000	309.5031
Sample 14	Session imported from “Hotspot+Block1.txt”	14	Sample 11	177.1639	153.4250	192.6703	-0.5010	0.8492	0.1668	-0.6561	-0.4984	0.5666	0.5643	0.1744	0.8069	(null)	(null)	(null)	(null)	(null)	(null)	(null)	2020-10-01	10:10:42.536	TTL1	APcoil	0.0000	(null)	1	10.0000	90.0000	263.8200
Sample 15	Session imported from “Hotspot+Block1.txt”	15	Sample 11	170.7528	147.8342	196.9091	-0.5735	0.7936	0.2034	-0.6523	-0.5925	0.4727	0.4956	0.1384	0.8574	(null)	(null)	(null)	(null)	(null)	(null)	(null)	2020-10-01	10:10:52.017	TTL1	APcoil	0.0000	(null)	1	10.0000	90.0000	323.2080
Sample 16	Session imported from “Hotspot+Block1.txt”	16	Sample 11	169.6550	148.6344	197.2755	-0.5993	0.7705	0.2173	-0.6295	-0.6213	0.4666	0.4945	0.1428	0.8574	(null)	(null)	(null)	(null)	(null)	(null)	(null)	2020-10-01	10:11:02.278	TTL1	APcoil	0.0000	(null)	1	10.0000	90.0000	182.7325
Sample 17	Session imported from “Hotspot+Block1.txt”	17	Sample 11	175.5397	154.5046	193.4971	-0.5623	0.8058	0.1856	-0.6176	-0.5585	0.5538	0.5499	0.1968	0.8117	(null)	(null)	(null)	(null)	(null)	(null)	(null)	2020-10-01	10:11:06.539	TTL1	APcoil	0.0000	(null)	1	10.0000	90.0000	177.0221
Sample 18	Session imported from “Hotspot+Block1.txt”	18	Sample 11	167.1278	144.2856	198.0998	-0.5627	0.8035	0.1945	-0.6317	-0.5697	0.5258	0.5333	0.1730	0.8281	(null)	(null)	(null)	(null)	(null)	(null)	(null)	2020-10-01	10:11:12.778	TTL1	APcoil	0.0000	(null)	1	10.0000	90.0000	138.1914
Sample 19	Session imported from “Hotspot+Block1.txt”	19	Sample 11	175.8068	142.3791	193.6640	-0.5146	0.8344	0.1976	-0.6596	-0.5324	0.5305	0.5478	0.1427	0.8243	(null)	(null)	(null)	(null)	(null)	(null)	(null)	2020-10-01	10:11:19.866	TTL1	APcoil	0.0000	(null)	1	10.0000	90.0000	587.0280
Sample 20	Session imported from “Hotspot+Block1.txt”	20	Sample 11	167.6787	156.8837	197.0126	-0.5331	0.8331	0.1473	-0.6510	-0.5152	0.5575	0.5403	0.2013	0.8170	(null)	(null)	(null)	(null)	(null)	(null)	(null)	2020-10-01	10:11:27.191	TTL1	APcoil	0.0000	(null)	1	10.0000	90.0000	151.8964
Sample 21	Session imported from “Hotspot+Block1.txt”	21	Sample 11	173.6257	144.9991	195.6809	-0.4994	0.8445	0.1937	-0.6486	-0.5126	0.5627	0.5744	0.1554	0.8037	(null)	(null)	(null)	(null)	(null)	(null)	(null)	2020-10-01	10:11:30.938	TTL1	APcoil	0.0000	(null)	1	10.0000	90.0000	189.5849
Sample 22	Session imported from “Hotspot+Block1.txt”	22	Sample 11	179.5103	147.5790	190.9733	-0.4779	0.8614	0.1722	-0.6266	-0.4717	0.6203	0.6156	0.1886	0.7652	(null)	(null)	(null)	(null)	(null)	(null)	(null)	2020-10-01	10:11:39.154	TTL1	APcoil	0.0000	(null)	1	10.0000	90.0000	195.2953
Sample 23	Session imported from “Hotspot+Block1.txt”	23	Sample 11	177.6513	153.5920	192.4116	-0.4886	0.8587	0.1547	-0.6323	-0.4706	0.6154	0.6012	0.2029	0.7729	(null)	(null)	(null)	(null)	(null)	(null)	(null)	2020-10-01	10:11:43.443	TTL1	APcoil	0.0000	(null)	1	10.0000	90.0000	188.4429
Sample 24	Session imported from “Hotspot+Block1.txt”	24	Sample 11	188.8267	149.3108	183.7699	-0.4452	0.8761	0.1849	-0.6233	-0.4515	0.6385	0.6429	0.1690	0.7471	(null)	(null)	(null)	(null)	(null)	(null)	(null)	2020-10-01	10:11:48.566	TTL1	APcoil	0.0000	(null)	1	10.0000	90.0000	167.8854
Sample 25	Session imported from “Hotspot+Block1.txt”	25	Sample 11	182.2223	145.8909	189.1372	-0.4312	0.8781	0.2076	-0.6294	-0.4576	0.6281	0.6465	0.1402	0.7499	(null)	(null)	(null)	(null)	(null)	(null)	(null)	2020-10-01	10:11:53.077	TTL1	APcoil	0.0000	(null)	1	10.0000	90.0000	191.8691
Sample 26	Session imported from “Hotspot+Block1.txt”	26	Sample 11	176.0480	141.3227	193.4286	-0.4545	0.8645	0.2148	-0.6622	-0.4892	0.5676	0.5958	0.1157	0.7948	(null)	(null)	(null)	(null)	(null)	(null)	(null)	2020-10-01	10:11:59.859	TTL1	APcoil	0.0000	(null)	1	10.0000	90.0000	314.0714
Sample 27	Session imported from “Hotspot+Block1.txt”	27	Sample 11	174.4707	144.0626	194.9470	-0.4542	0.8645	0.2154	-0.6547	-0.4878	0.5774	0.6042	0.1212	0.7875	(null)	(null)	(null)	(null)	(null)	(null)	(null)	2020-10-01	10:12:06.032	TTL1	APcoil	0.0000	(null)	1	10.0000	90.0000	188.4428
Sample 28	Session imported from “Hotspot+Block1.txt”	28	Sample 11	177.2043	136.2111	192.1917	-0.4185	0.8695	0.2622	-0.6472	-0.4881	0.5856	0.6372	0.0754	0.7670	(null)	(null)	(null)	(null)	(null)	(null)	(null)	2020-10-01	10:12:10.932	TTL1	APcoil	0.0000	(null)	1	10.0000	90.0000	201.0057
Sample 29	Session imported from “Hotspot+Block1.txt”	29	Sample 11	170.0215	148.6944	197.1594	-0.5719	0.7926	0.2115	-0.6542	-0.5962	0.4654	0.4950	0.1278	0.8595	(null)	(null)	(null)	(null)	(null)	(null)	(null)	2020-10-01	10:12:23.385	TTL1	APcoil	0.0000	(null)	1	10.0000	90.0000	244.4047
Sample 30	Session imported from “Hotspot+Block1.txt”	30	Sample 11	160.6274	154.1700	199.8425	-0.5776	0.8040	0.1415	-0.6679	-0.5651	0.4844	0.4694	0.1853	0.8633	(null)	(null)	(null)	(null)	(null)	(null)	(null)	2020-10-01	10:12:32.815	TTL1	APcoil	0.0000	(null)	1	10.0000	90.0000	183.8745
Sample 31	Session imported from “Hotspot+Block1.txt”	31	Sample 11	171.2825	157.9210	195.4312	-0.5797	0.7996	0.1571	-0.6474	-0.5690	0.5070	0.4948	0.1922	0.8475	(null)	(null)	(null)	(null)	(null)	(null)	(null)	2020-10-01	10:12:36.394	TTL1	APcoil	0.0000	(null)	1	10.0000	90.0000	215.8527
Sample 32	Session imported from “Hotspot+Block1.txt”	32	Sample 11	167.4067	138.0786	197.9428	-0.5280	0.8238	0.2063	-0.6717	-0.5538	0.4921	0.5196	0.1213	0.8457	(null)	(null)	(null)	(null)	(null)	(null)	(null)	2020-10-01	10:12:40.292	TTL1	APcoil	0.0000	(null)	1	10.0000	90.0000	202.1478
Sample 33	Session imported from “Hotspot+Block1.txt”	33	Sample 11	178.6029	148.8386	191.6521	-0.5005	0.8436	0.1948	-0.6584	-0.5169	0.5471	0.5622	0.1456	0.8141	(null)	(null)	(null)	(null)	(null)	(null)	(null)	2020-10-01	10:12:45.207	TTL1	APcoil	0.0000	(null)	1	10.0000	90.0000	250.1151
Sample 34	Session imported from “Hotspot+Block1.txt”	34	Sample 11	179.9365	145.0036	190.4392	-0.5076	0.8348	0.2133	-0.6493	-0.5333	0.5422	0.5664	0.1367	0.8127	(null)	(null)	(null)	(null)	(null)	(null)	(null)	2020-10-01	10:12:53.785	TTL1	APcoil	0.0000	(null)	1	10.0000	90.0000	245.5468
Sample 35	Session imported from “Hotspot+Block1.txt”	35	Sample 11	170.5714	148.0735	196.9741	-0.6091	0.7571	0.2362	-0.6154	-0.6391	0.4614	0.5003	0.1357	0.8552	(null)	(null)	(null)	(null)	(null)	(null)	(null)	2020-10-01	10:13:15.176	TTL1	APcoil	0.0000	(null)	1	10.0000	90.0000	282.0932
Sample 36	Session imported from “Hotspot+Block1.txt”	36	Sample 11	175.2974	143.7156	194.1913	-0.5856	0.7706	0.2513	-0.6149	-0.6244	0.4817	0.5281	0.1276	0.8395	(null)	(null)	(null)	(null)	(null)	(null)	(null)	2020-10-01	10:13:20.205	TTL1	APcoil	0.0000	(null)	1	10.0000	90.0000	248.9730
Sample 37	Session imported from “Hotspot+Block1.txt”	37	Sample 11	179.8542	148.7514	190.8362	-0.5495	0.7886	0.2759	-0.5859	-0.5992	0.5456	0.5956	0.1382	0.7913	(null)	(null)	(null)	(null)	(null)	(null)	(null)	2020-10-01	10:13:26.919	TTL1	APcoil	0.0000	(null)	1	10.0000	90.0000	253.5413
Sample 38	Session imported from “Hotspot+Block1.txt”	38	Sample 11	180.0366	146.6633	190.5621	-0.5530	0.7856	0.2774	-0.5603	-0.5971	0.5740	0.6166	0.1620	0.7704	(null)	(null)	(null)	(null)	(null)	(null)	(null)	2020-10-01	10:13:35.091	TTL1	APcoil	0.0000	(null)	1	10.0000	90.0000	256.9675
Sample 39	Session imported from “Hotspot+Block1.txt”	39	Sample 11	179.9368	152.2848	191.0486	-0.5681	0.7815	0.2581	-0.5602	-0.5969	0.5743	0.6029	0.1817	0.7769	(null)	(null)	(null)	(null)	(null)	(null)	(null)	2020-10-01	10:13:39.479	TTL1	APcoil	0.0000	(null)	1	10.0000	90.0000	246.6888
Sample 40	Session imported from “Hotspot+Block1.txt”	40	Sample 11	176.6739	141.6595	192.8314	-0.5347	0.7966	0.2819	-0.5948	-0.5918	0.5440	0.6002	0.1232	0.7903	(null)	(null)	(null)	(null)	(null)	(null)	(null)	2020-10-01	10:13:43.310	TTL1	APcoil	0.0000	(null)	1	10.0000	90.0000	242.1205
Sample 41	Session imported from “Hotspot+Block1.txt”	41	Sample 11	169.6983	148.6286	197.2619	-0.5888	0.7836	0.1981	-0.6384	-0.6012	0.4806	0.4957	0.1565	0.8543	(null)	(null)	(null)	(null)	(null)	(null)	(null)	2020-10-01	10:13:55.428	TTL1	APcoil	0.0000	(null)	1	10.0000	90.0000	308.3610
Sample 42	Session imported from “Hotspot+Block1.txt”	42	Sample 11	180.9100	150.0329	190.3168	-0.4865	0.8521	0.1931	-0.6569	-0.5025	0.5621	0.5760	0.1466	0.8042	(null)	(null)	(null)	(null)	(null)	(null)	(null)	2020-10-01	10:14:02.030	TTL1	APcoil	0.0000	(null)	1	10.0000	90.0000	315.2135
Sample 43	Session imported from “Hotspot+Block1.txt”	43	Sample 11	179.0419	143.9407	190.8634	-0.4260	0.8797	0.2113	-0.6792	-0.4653	0.5676	0.5976	0.0983	0.7957	(null)	(null)	(null)	(null)	(null)	(null)	(null)	2020-10-01	10:14:14.132	TTL1	APcoil	0.0000	(null)	1	10.0000	90.0000	378.0278
Sample 44	Session imported from “Hotspot+Block1.txt”	44	Sample 43	178.8304	143.7558	190.9815	-0.4342	0.8767	0.2073	-0.6715	-0.4684	0.5742	0.6005	0.1101	0.7920	(null)	(null)	(null)	(null)	(null)	(null)	(null)	2020-10-01	10:14:24.619	TTL1	APcoil	0.0000	(null)	1	10.0000	90.0000	460.2574
Sample 45	Session imported from “Hotspot+Block1.txt”	45	Sample 43	185.0881	147.5478	187.2766	-0.4534	0.8666	0.2083	-0.6424	-0.4798	0.5976	0.6178	0.1371	0.7742	(null)	(null)	(null)	(null)	(null)	(null)	(null)	2020-10-01	10:14:30.091	TTL1	APcoil	0.0000	(null)	1	10.0000	90.0000	346.0496
Sample 46	Session imported from “Hotspot+Block1.txt”	46	Sample 43	185.5055	141.3256	186.1768	-0.4324	0.8659	0.2517	-0.6402	-0.4913	0.5906	0.6350	0.0942	0.7667	(null)	(null)	(null)	(null)	(null)	(null)	(null)	2020-10-01	10:14:35.089	TTL1	APcoil	0.0000	(null)	1	10.0000	90.0000	334.6288
Sample 47	Session imported from “Hotspot+Block1.txt”	47	Sample 43	182.4762	137.2220	187.8318	-0.4415	0.8611	0.2522	-0.6386	-0.4990	0.5858	0.6303	0.0976	0.7702	(null)	(null)	(null)	(null)	(null)	(null)	(null)	2020-10-01	10:14:41.968	TTL1	APcoil	0.0000	(null)	1	10.0000	90.0000	336.9130
Sample 48	Session imported from “Hotspot+Block1.txt”	48	Sample 43	177.3111	135.3085	192.0045	-0.4419	0.8602	0.2543	-0.6401	-0.5010	0.5824	0.6284	0.0946	0.7721	(null)	(null)	(null)	(null)	(null)	(null)	(null)	2020-10-01	10:14:46.691	TTL1	APcoil	0.0000	(null)	1	10.0000	90.0000	325.4922
Sample 49	Session imported from “Hotspot+Block1.txt”	49	Sample 43	172.6891	138.4496	195.4185	-0.4765	0.8457	0.2404	-0.6566	-0.5241	0.5424	0.5847	0.1006	0.8050	(null)	(null)	(null)	(null)	(null)	(null)	(null)	2020-10-01	10:14:52.557	TTL1	APcoil	0.0000	(null)	1	10.0000	90.0000	324.3501
Sample 50	Session imported from “Hotspot+Block1.txt”	50	Sample 43	172.0025	146.1696	196.5008	-0.4878	0.8447	0.2202	-0.6583	-0.5216	0.5427	0.5733	0.1198	0.8105	(null)	(null)	(null)	(null)	(null)	(null)	(null)	2020-10-01	10:14:59.032	TTL1	APcoil	0.0000	(null)	1	10.0000	90.0000	454.5470
Sample 51	Session imported from “Hotspot+Block1.txt”	51	Sample 43	174.6048	152.2480	194.3665	-0.5049	0.8353	0.2177	-0.6545	-0.5349	0.5344	0.5628	0.1273	0.8167	(null)	(null)	(null)	(null)	(null)	(null)	(null)	2020-10-01	10:15:06.134	TTL1	APcoil	0.0000	(null)	1	10.0000	90.0000	358.6125
Sample 52	Session imported from “Hotspot+Block1.txt”	52	Sample 43	176.6170	148.9237	192.9955	-0.4979	0.8371	0.2267	-0.6506	-0.5334	0.5406	0.5734	0.1216	0.8102	(null)	(null)	(null)	(null)	(null)	(null)	(null)	2020-10-01	10:15:12.678	TTL1	APcoil	0.0000	(null)	1	10.0000	90.0000	366.6070
Sample 53	Session imported from “Hotspot+Block1.txt”	53	Sample 43	171.5499	148.0979	196.6149	-0.5624	0.7964	0.2224	-0.6604	-0.5945	0.4588	0.4976	0.1112	0.8602	(null)	(null)	(null)	(null)	(null)	(null)	(null)	2020-10-01	10:15:26.507	TTL1	APcoil	0.0000	(null)	1	10.0000	90.0000	341.4813
Sample 54	Session imported from “Hotspot+Block1.txt”	54	Sample 43	176.0056	149.1729	193.5244	-0.5671	0.7854	0.2480	-0.6280	-0.6072	0.4868	0.5329	0.1203	0.8376	(null)	(null)	(null)	(null)	(null)	(null)	(null)	2020-10-01	10:15:33.552	TTL1	APcoil	0.0000	(null)	1	10.0000	90.0000	327.7764
Sample 55	Session imported from “Hotspot+Block1.txt”	55	Sample 43	180.5520	153.3917	190.8488	-0.5316	0.7904	0.3043	-0.5775	-0.6011	0.5524	0.6196	0.1179	0.7760	(null)	(null)	(null)	(null)	(null)	(null)	(null)	2020-10-01	10:15:42.563	TTL1	APcoil	0.0000	(null)	1	10.0000	90.0000	386.0223
Sample 56	Session imported from “Hotspot+Block1.txt”	56	Sample 43	173.0011	143.7406	195.9085	-0.5492	0.7837	0.2901	-0.6088	-0.6130	0.5035	0.5725	0.0999	0.8138	(null)	(null)	(null)	(null)	(null)	(null)	(null)	2020-10-01	10:15:50.500	TTL1	APcoil	0.0000	(null)	1	10.0000	90.0000	429.4213
Sample 57	Session imported from “Hotspot+Block1.txt”	57	Sample 43	178.8859	144.0777	190.9635	-0.5410	0.7826	0.3080	-0.6025	-0.6162	0.5073	0.5868	0.0889	0.8048	(null)	(null)	(null)	(null)	(null)	(null)	(null)	2020-10-01	10:15:55.555	TTL1	APcoil	0.0000	(null)	1	10.0000	90.0000	444.2683
Sample 58	Session imported from “Hotspot+Block1.txt”	58	Sample 43	175.2518	148.6651	194.2376	-0.5639	0.7758	0.2833	-0.5920	-0.6188	0.5163	0.5758	0.1234	0.8082	(null)	(null)	(null)	(null)	(null)	(null)	(null)	2020-10-01	10:16:01.112	TTL1	APcoil	0.0000	(null)	1	10.0000	90.0000	444.2683
Sample 59	Session imported from “Hotspot+Block1.txt”	59	Sample 43	171.7235	145.7031	196.5677	-0.5247	0.8076	0.2691	-0.6454	-0.5835	0.4929	0.5551	0.0849	0.8274	(null)	(null)	(null)	(null)	(null)	(null)	(null)	2020-10-01	10:16:13.350	TTL1	APcoil	0.0000	(null)	1	10.0000	90.0000	354.0441
Sample 60	Session imported from “Hotspot+Block1.txt”	60	Sample 59	172.0032	145.9043	196.4931	-0.5216	0.8120	0.2620	-0.6426	-0.5759	0.5054	0.5612	0.0953	0.8221	(null)	(null)	(null)	(null)	(null)	(null)	(null)	2020-10-01	10:16:23.100	TTL1	APcoil	0.0000	(null)	1	10.0000	90.0000	316.3556
Sample 61	Session imported from “Hotspot+Block1.txt”	61	Sample 59	172.2370	145.8577	196.4246	-0.5446	0.7950	0.2670	-0.6354	-0.5989	0.4874	0.5474	0.0958	0.8314	(null)	(null)	(null)	(null)	(null)	(null)	(null)	2020-10-01	10:16:31.902	TTL1	APcoil	0.0000	(null)	1	10.0000	90.0000	544.7711
Sample 62	Session imported from “Hotspot+Block1.txt”	62	Sample 59	164.9813	167.5456	195.3180	-0.6095	0.7652	0.2072	-0.6074	-0.6187	0.4982	0.5094	0.1778	0.8420	(null)	(null)	(null)	(null)	(null)	(null)	(null)	2020-10-01	10:16:52.502	TTL1	APcoil	0.0000	(null)	1	10.0000	90.0000	9.1366
Sample 63	Session imported from “Hotspot+Block1.txt”	63	Sample 59	172.5430	146.1359	196.3222	-0.5058	0.8384	0.2032	-0.6898	-0.5345	0.4883	0.5180	0.1068	0.8487	(null)	(null)	(null)	(null)	(null)	(null)	(null)	2020-10-01	10:19:14.697	TTL1	APcoil	0.0000	(null)	1	10.0000	90.0000	79.9454
Sample 64	Session imported from “Hotspot+Block1.txt”	64	Sample 59	172.6620	146.3567	196.2674	-0.5052	0.8354	0.2166	-0.6717	-0.5382	0.5090	0.5418	0.1117	0.8331	(null)	(null)	(null)	(null)	(null)	(null)	(null)	2020-10-01	10:19:35.540	TTL1	APcoil	0.0000	(null)	1	10.0000	90.0000	555.0499
Sample 65	Session imported from “Hotspot+Block1.txt”	65	Sample 59	172.8585	146.2605	196.1605	-0.5281	0.8217	0.2142	-0.6581	-0.5555	0.5083	0.5367	0.1275	0.8341	(null)	(null)	(null)	(null)	(null)	(null)	(null)	2020-10-01	10:19:52.373	TTL1	APcoil	0.0000	(null)	1	10.0000	90.0000	33.1203
Sample 66	Session imported from “Hotspot+Block1.txt”	66	Sample 59	172.6214	145.7364	196.2641	-0.5258	0.8232	0.2141	-0.6655	-0.5549	0.4992	0.5298	0.1200	0.8396	(null)	(null)	(null)	(null)	(null)	(null)	(null)	2020-10-01	10:19:59.877	TTL1	APcoil	0.0000	(null)	1	10.0000	90.0000	535.6345
Sample 67	Session imported from “Hotspot+Block1.txt”	67	Sample 59	171.8369	145.2710	196.5221	-0.5194	0.8261	0.2185	-0.6622	-0.5507	0.5082	0.5402	0.1193	0.8331	(null)	(null)	(null)	(null)	(null)	(null)	(null)	2020-10-01	10:20:08.483	TTL1	APcoil	0.0000	(null)	1	10.0000	90.0000	115.3499
Sample 68	Session imported from “Hotspot+Block1.txt”	68	Sample 59	172.3363	146.0283	196.4010	-0.5217	0.8239	0.2213	-0.6541	-0.5529	0.5162	0.5476	0.1245	0.8274	(null)	(null)	(null)	(null)	(null)	(null)	(null)	2020-10-01	10:20:16.892	TTL1	APcoil	0.0000	(null)	1	10.0000	90.0000	25.1257
Sample 69	Session imported from “Hotspot+Block1.txt”	69	Sample 59	172.6172	145.7801	196.2683	-0.5133	0.8295	0.2199	-0.6516	-0.5435	0.5292	0.5585	0.1284	0.8195	(null)	(null)	(null)	(null)	(null)	(null)	(null)	2020-10-01	10:20:22.991	TTL1	APcoil	0.0000	(null)	1	10.0000	90.0000	29.6940
Sample 70	Session imported from “Hotspot+Block1.txt”	70	Sample 59	172.8004	145.6437	196.1662	-0.5412	0.8107	0.2234	-0.6680	-0.5758	0.4714	0.5108	0.1059	0.8532	(null)	(null)	(null)	(null)	(null)	(null)	(null)	2020-10-01	10:20:58.395	TTL1	APcoil	0.0000	(null)	1	10.0000	90.0000	28.5519
Sample 71	Session imported from “Hotspot+Block1.txt”	71	Sample 59	171.9146	145.4508	196.5057	-0.5212	0.8267	0.2119	-0.6859	-0.5535	0.4723	0.5078	0.1008	0.8556	(null)	(null)	(null)	(null)	(null)	(null)	(null)	2020-10-01	10:21:06.888	TTL1	APcoil	0.0000	(null)	1	10.0000	90.0000	30.8361
Sample 72	Session imported from “Hotspot+Block1.txt”	72	Sample 59	172.5961	145.4830	196.2659	-0.5202	0.8276	0.2107	-0.6877	-0.5523	0.4712	0.5064	0.1002	0.8565	(null)	(null)	(null)	(null)	(null)	(null)	(null)	2020-10-01	10:21:15.228	TTL1	APcoil	0.0000	(null)	1	10.0000	90.0000	624.7166
Sample 73	Session imported from “Hotspot+Block1.txt”	73	Sample 59	172.4652	145.6795	196.3391	-0.4802	0.8463	0.2305	-0.6872	-0.5263	0.5008	0.5451	0.0821	0.8343	(null)	(null)	(null)	(null)	(null)	(null)	(null)	2020-10-01	10:21:32.523	TTL1	APcoil	0.0000	(null)	1	10.0000	90.0000	79.9454
Sample 74	Session imported from “Hotspot+Block1.txt”	74	Sample 59	172.3943	146.1598	196.3836	-0.5073	0.8266	0.2435	-0.6698	-0.5560	0.4921	0.5422	0.0866	0.8358	(null)	(null)	(null)	(null)	(null)	(null)	(null)	2020-10-01	10:21:40.028	TTL1	APcoil	0.0000	(null)	1	10.0000	90.0000	29.6940
Sample 75	Session imported from “Hotspot+Block1.txt”	75	Sample 59	172.2580	145.8141	196.4169	-0.4889	0.8396	0.2367	-0.6820	-0.5371	0.4964	0.5439	0.0813	0.8352	(null)	(null)	(null)	(null)	(null)	(null)	(null)	2020-10-01	10:21:45.834	TTL1	APcoil	0.0000	(null)	1	10.0000	90.0000	430.5634
Sample 76	Session imported from “Hotspot+Block1.txt”	76	Sample 59	172.2392	145.9547	196.4267	-0.5169	0.8175	0.2540	-0.6513	-0.5681	0.5031	0.5556	0.0946	0.8261	(null)	(null)	(null)	(null)	(null)	(null)	(null)	2020-10-01	10:21:58.074	TTL1	APcoil	0.0000	(null)	1	10.0000	90.0000	31.9782
Sample 77	Session imported from “Hotspot+Block1.txt”	77	Sample 59	172.3787	145.6140	196.3637	-0.4935	0.8336	0.2481	-0.6703	-0.5463	0.5022	0.5542	0.0815	0.8284	(null)	(null)	(null)	(null)	(null)	(null)	(null)	2020-10-01	10:22:04.409	TTL1	APcoil	0.0000	(null)	1	10.0000	90.0000	35.4044
Sample 78	Session imported from “Hotspot+Block1.txt”	78	Sample 59	172.5181	146.0059	196.3304	-0.5099	0.8221	0.2535	-0.6620	-0.5631	0.4946	0.5493	0.0844	0.8313	(null)	(null)	(null)	(null)	(null)	(null)	(null)	2020-10-01	10:22:10.341	TTL1	APcoil	0.0000	(null)	1	10.0000	90.0000	36.5465
Sample 79	Session imported from “Hotspot+Block1.txt”	79	Sample 59	172.4014	145.7256	196.3634	-0.5154	0.8176	0.2565	-0.6575	-0.5693	0.4935	0.5496	0.0857	0.8311	(null)	(null)	(null)	(null)	(null)	(null)	(null)	2020-10-01	10:22:14.907	TTL1	APcoil	0.0000	(null)	1	10.0000	90.0000	38.8307
Sample 80	Session imported from “Hotspot+Block1.txt”	80	Sample 59	172.4495	145.8911	196.3581	-0.5111	0.8222	0.2506	-0.6601	-0.5622	0.4983	0.5506	0.0893	0.8300	(null)	(null)	(null)	(null)	(null)	(null)	(null)	2020-10-01	10:22:20.533	TTL1	APcoil	0.0000	(null)	1	10.0000	90.0000	38.8307
Sample 81	Session imported from “Hotspot+Block1.txt”	81	Sample 59	172.5464	145.4884	196.2922	-0.5099	0.8222	0.2532	-0.6550	-0.5618	0.5054	0.5577	0.0918	0.8249	(null)	(null)	(null)	(null)	(null)	(null)	(null)	2020-10-01	10:22:25.934	TTL1	APcoil	0.0000	(null)	1	10.0000	90.0000	39.9727
Sample 82	Session imported from “Hotspot+Block1.txt”	82	Sample 59	173.1218	145.9016	196.0092	-0.5090	0.8237	0.2500	-0.6568	-0.5594	0.5057	0.5564	0.0932	0.8257	(null)	(null)	(null)	(null)	(null)	(null)	(null)	2020-10-01	10:22:30.598	TTL1	APcoil	0.0000	(null)	1	10.0000	90.0000	51.3935
Sample 83	Session imported from “Hotspot+Block1.txt”	83	Sample 59	172.3202	145.3116	196.3635	-0.5125	0.8202	0.2543	-0.6504	-0.5641	0.5087	0.5607	0.0953	0.8225	(null)	(null)	(null)	(null)	(null)	(null)	(null)	2020-10-01	10:22:38.004	TTL1	APcoil	0.0000	(null)	1	10.0000	90.0000	711.5145
Sample 84	Session imported from “Hotspot+Block1.txt”	84	Sample 59	172.6420	145.4327	196.2396	-0.5058	0.8253	0.2510	-0.6523	-0.5563	0.5148	0.5645	0.0967	0.8197	(null)	(null)	(null)	(null)	(null)	(null)	(null)	2020-10-01	10:22:45.481	TTL1	APcoil	0.0000	(null)	1	10.0000	90.0000	51.3935
Sample 85	Session imported from “Hotspot+Block1.txt”	85	Sample 59	172.5607	145.7991	196.2987	-0.5123	0.8264	0.2336	-0.6572	-0.5524	0.5128	0.5528	0.1092	0.8261	(null)	(null)	(null)	(null)	(null)	(null)	(null)	2020-10-01	10:22:56.102	TTL1	APcoil	0.0000	(null)	1	10.0000	90.0000	76.5192
Sample 86	Session imported from “Hotspot+Block1.txt”	86	Sample 59	172.5332	145.6716	196.3074	-0.5190	0.8326	0.1934	-0.6744	-0.5379	0.5058	0.5252	0.1321	0.8407	(null)	(null)	(null)	(null)	(null)	(null)	(null)	2020-10-01	10:23:16.013	TTL1	APcoil	0.0000	(null)	1	10.0000	90.0000	46.8252
Sample 87	Session imported from “Hotspot+Block1.txt”	87	Sample 59	172.6156	145.2957	196.2473	-0.5424	0.8069	0.2340	-0.6385	-0.5769	0.5094	0.5460	0.1269	0.8281	(null)	(null)	(null)	(null)	(null)	(null)	(null)	2020-10-01	10:23:26.410	TTL1	APcoil	0.0000	(null)	1	10.0000	90.0000	175.8800
Sample 88	Session imported from “Hotspot+Block1.txt”	88	Sample 59	172.2404	146.0453	196.4290	-0.5396	0.8106	0.2275	-0.6326	-0.5687	0.5257	0.5555	0.1398	0.8197	(null)	(null)	(null)	(null)	(null)	(null)	(null)	2020-10-01	10:23:33.248	TTL1	APcoil	0.0000	(null)	1	10.0000	90.0000	34.2623
Sample 89	Session imported from “Hotspot+Block1.txt”	89	Sample 59	172.1027	145.2724	196.4335	-0.5296	0.8223	0.2080	-0.6486	-0.5506	0.5255	0.5467	0.1434	0.8250	(null)	(null)	(null)	(null)	(null)	(null)	(null)	2020-10-01	10:23:41.783	TTL1	APcoil	0.0000	(null)	1	10.0000	90.0000	131.3390
Sample 90	Session imported from “Hotspot+Block1.txt”	90	Sample 59	172.5224	145.9635	196.3262	-0.5185	0.8354	0.1821	-0.6551	-0.5250	0.5433	0.5495	0.1624	0.8195	(null)	(null)	(null)	(null)	(null)	(null)	(null)	2020-10-01	10:25:30.416	TTL1	APcoil	0.0000	(null)	1	10.0000	90.0000	78.8034
Sample 91	Session imported from “Hotspot+Block1.txt”	91	Sample 59	172.6578	146.6767	196.2697	-0.5404	0.8347	0.1063	-0.7015	-0.5167	0.4908	0.4646	0.1907	0.8648	(null)	(null)	(null)	(null)	(null)	(null)	(null)	2020-10-01	10:26:10.746	TTL1	APcoil	0.0000	(null)	1	10.0000	90.0000	55.9618
Sample 92	Session imported from “Hotspot+Block1.txt”	92	PSCrev2.5	152.2059	154.5153	202.0713	-0.6670	-0.6786	-0.3077	0.5935	-0.7335	0.3311	-0.4504	0.0382	0.8920	(null)	(null)	(null)	(null)	(null)	(null)	(null)	2020-10-01	11:26:46.005	TTL1	APcoil	0.0000	(null)	1	10.0000	90.0000	5.7104
Sample 93	Session imported from “Hotspot+Block1.txt”	93	PSCrev2.5	(null)	(null)	(null)	(null)	(null)	(null)	(null)	(null)	(null)	(null)	(null)	(null)	(null)	(null)	(null)	(null)	(null)	(null)	(null)	2020-10-01	11:31:10.318	TTL1	APcoil	0.0000	(null)	1	10.0000	90.0000	5.7104
Sample 94	Session imported from “Hotspot+Block1.txt”	94	PSCrev2.5	(null)	(null)	(null)	(null)	(null)	(null)	(null)	(null)	(null)	(null)	(null)	(null)	(null)	(null)	(null)	(null)	(null)	(null)	(null)	2020-10-01	11:32:11.199	TTL1	APcoil	0.0000	(null)	1	10.0000	90.0000	6.8525
Sample 95	Session imported from “Hotspot+Block1.txt”	95	PSCrev2.5	180.9662	148.0515	190.1704	0.0075	0.9950	0.0991	-0.8406	-0.0474	0.5395	0.5415	-0.0874	0.8361	(null)	(null)	(null)	(null)	(null)	(null)	(null)	2020-10-01	11:33:45.283	TTL1	APcoil	0.0000	(null)	1	10.0000	90.0000	6.8525
Sample 96	Session imported from “Hotspot+Block1.txt”	96	PSCrev2.5	180.9389	148.0604	190.1873	0.0082	0.9953	0.0965	-0.8412	-0.0453	0.5388	0.5406	-0.0856	0.8369	(null)	(null)	(null)	(null)	(null)	(null)	(null)	2020-10-01	11:33:45.784	TTL1	APcoil	0.0000	(null)	1	10.0000	90.0000	5.7104
Sample 97	Session imported from “Hotspot+Block1.txt”	97	PSCrev2.5	181.0658	148.0394	190.1107	0.0102	0.9954	0.0949	-0.8400	-0.0430	0.5409	0.5425	-0.0852	0.8357	(null)	(null)	(null)	(null)	(null)	(null)	(null)	2020-10-01	11:33:46.286	TTL1	APcoil	0.0000	(null)	1	10.0000	90.0000	7.9945
Sample 98	Session imported from “Hotspot+Block1.txt”	98	PSCrev2.5	181.1200	148.0477	190.0786	0.0105	0.9954	0.0953	-0.8392	-0.0430	0.5421	0.5437	-0.0857	0.8349	(null)	(null)	(null)	(null)	(null)	(null)	(null)	2020-10-01	11:33:46.787	TTL1	APcoil	0.0000	(null)	1	10.0000	90.0000	5.7104
Sample 99	Session imported from “Hotspot+Block1.txt”	99	PSCrev2.5	181.0686	148.0692	190.1122	0.0101	0.9954	0.0954	-0.8387	-0.0435	0.5429	0.5445	-0.0855	0.8344	(null)	(null)	(null)	(null)	(null)	(null)	(null)	2020-10-01	11:33:47.288	TTL1	APcoil	0.0000	(null)	1	10.0000	90.0000	6.8525
Sample 100	Session imported from “Hotspot+Block1.txt”	100	PSCrev2.5	181.2240	148.0413	190.0102	0.0111	0.9955	0.0940	-0.8389	-0.0419	0.5427	0.5442	-0.0849	0.8347	(null)	(null)	(null)	(null)	(null)	(null)	(null)	2020-10-01	11:33:47.789	TTL1	APcoil	0.0000	(null)	1	10.0000	90.0000	5.7104
Sample 101	Session imported from “Hotspot+Block1.txt”	101	PSCrev2.5	181.0220	147.9413	190.1261	0.0128	0.9956	0.0931	-0.8371	-0.0403	0.5455	0.5469	-0.0849	0.8329	(null)	(null)	(null)	(null)	(null)	(null)	(null)	2020-10-01	11:33:48.290	TTL1	APcoil	0.0000	(null)	1	10.0000	90.0000	5.7104
Sample 102	Session imported from “Hotspot+Block1.txt”	102	PSCrev2.5	181.0833	147.7570	190.0704	0.0132	0.9956	0.0931	-0.8373	-0.0399	0.5453	0.5466	-0.0851	0.8331	(null)	(null)	(null)	(null)	(null)	(null)	(null)	2020-10-01	11:33:48.890	TTL1	APcoil	0.0000	(null)	1	10.0000	90.0000	5.7104
Sample 103	Session imported from “Hotspot+Block1.txt”	103	PSCrev2.5	180.6571	147.5972	190.3042	0.0166	0.9958	0.0901	-0.8409	-0.0348	0.5400	0.5409	-0.0847	0.8368	(null)	(null)	(null)	(null)	(null)	(null)	(null)	2020-10-01	11:33:59.183	TTL1	APcoil	0.0000	(null)	1	10.0000	90.0000	6.8525
Sample 104	Session imported from “Hotspot+Block1.txt”	104	PSCrev2.5	180.7205	147.5345	190.2604	0.0139	0.9958	0.0903	-0.8441	-0.0367	0.5350	0.5361	-0.0837	0.8400	(null)	(null)	(null)	(null)	(null)	(null)	(null)	2020-10-01	11:33:59.685	TTL1	APcoil	0.0000	(null)	1	10.0000	90.0000	5.7104
Sample 105	Session imported from “Hotspot+Block1.txt”	105	PSCrev2.5	180.9242	147.5051	190.1379	0.0137	0.9961	0.0875	-0.8440	-0.0354	0.5352	0.5362	-0.0812	0.8402	(null)	(null)	(null)	(null)	(null)	(null)	(null)	2020-10-01	11:34:00.186	TTL1	APcoil	0.0000	(null)	1	10.0000	90.0000	5.7104
Sample 106	Session imported from “Hotspot+Block1.txt”	106	PSCrev2.5	180.9374	147.4170	190.1209	0.0118	0.9960	0.0890	-0.8454	-0.0376	0.5328	0.5340	-0.0815	0.8415	(null)	(null)	(null)	(null)	(null)	(null)	(null)	2020-10-01	11:34:00.687	TTL1	APcoil	0.0000	(null)	1	10.0000	90.0000	5.7104
Sample 107	Session imported from “Hotspot+Block1.txt”	107	PSCrev2.5	181.0024	147.3030	190.0708	0.0107	0.9960	0.0886	-0.8448	-0.0384	0.5338	0.5350	-0.0806	0.8410	(null)	(null)	(null)	(null)	(null)	(null)	(null)	2020-10-01	11:34:01.188	TTL1	APcoil	0.0000	(null)	1	10.0000	90.0000	6.8525
Sample 108	Session imported from “Hotspot+Block1.txt”	108	PSCrev2.5	181.2500	147.3006	189.9114	0.0115	0.9961	0.0874	-0.8452	-0.0370	0.5331	0.5343	-0.0800	0.8415	(null)	(null)	(null)	(null)	(null)	(null)	(null)	2020-10-01	11:34:01.690	TTL1	APcoil	0.0000	(null)	1	10.0000	90.0000	6.8525
Sample 109	Session imported from “Hotspot+Block1.txt”	109	PSCrev2.5	181.2321	147.4135	189.9355	0.0108	0.9961	0.0877	-0.8450	-0.0378	0.5334	0.5346	-0.0799	0.8413	(null)	(null)	(null)	(null)	(null)	(null)	(null)	2020-10-01	11:34:02.192	TTL1	APcoil	0.0000	(null)	1	10.0000	90.0000	5.7104
Sample 110	Session imported from “Hotspot+Block1.txt”	110	PSCrev2.5	180.9914	147.3129	190.0784	0.0110	0.9960	0.0883	-0.8437	-0.0382	0.5355	0.5367	-0.0804	0.8399	(null)	(null)	(null)	(null)	(null)	(null)	(null)	2020-10-01	11:34:02.694	TTL1	APcoil	0.0000	(null)	1	10.0000	90.0000	5.7104
Sample 111	Session imported from “Hotspot+Block1.txt”	111	PSCrev2.5	181.0462	147.6139	190.0777	0.0140	0.9956	0.0931	-0.8463	-0.0378	0.5314	0.5325	-0.0862	0.8420	(null)	(null)	(null)	(null)	(null)	(null)	(null)	2020-10-01	11:34:13.095	TTL1	APcoil	0.0000	(null)	1	10.0000	90.0000	6.8525
Sample 112	Session imported from “Hotspot+Block1.txt”	112	PSCrev2.5	180.9530	147.5587	190.1266	0.0142	0.9955	0.0934	-0.8459	-0.0379	0.5321	0.5332	-0.0866	0.8415	(null)	(null)	(null)	(null)	(null)	(null)	(null)	2020-10-01	11:34:13.693	TTL1	APcoil	0.0000	(null)	1	10.0000	90.0000	6.8525
Sample 113	Session imported from “Hotspot+Block1.txt”	113	PSCrev2.5	181.0883	147.6627	190.0567	0.0149	0.9953	0.0952	-0.8471	-0.0380	0.5300	0.5312	-0.0885	0.8426	(null)	(null)	(null)	(null)	(null)	(null)	(null)	2020-10-01	11:34:14.194	TTL1	APcoil	0.0000	(null)	1	10.0000	90.0000	6.8525
Sample 114	Session imported from “Hotspot+Block1.txt”	114	PSCrev2.5	180.9762	147.7397	190.1319	0.0156	0.9951	0.0972	-0.8477	-0.0384	0.5290	0.5302	-0.0907	0.8430	(null)	(null)	(null)	(null)	(null)	(null)	(null)	2020-10-01	11:34:14.793	TTL1	APcoil	0.0000	(null)	1	10.0000	90.0000	5.7104
Sample 115	Session imported from “Hotspot+Block1.txt”	115	PSCrev2.5	181.1156	147.6644	190.0392	0.0159	0.9952	0.0962	-0.8466	-0.0378	0.5309	0.5320	-0.0899	0.8420	(null)	(null)	(null)	(null)	(null)	(null)	(null)	2020-10-01	11:34:15.295	TTL1	APcoil	0.0000	(null)	1	10.0000	90.0000	6.8525
Sample 116	Session imported from “Hotspot+Block1.txt”	116	PSCrev2.5	180.9434	147.5549	190.1318	0.0167	0.9953	0.0950	-0.8453	-0.0367	0.5330	0.5340	-0.0892	0.8408	(null)	(null)	(null)	(null)	(null)	(null)	(null)	2020-10-01	11:34:15.894	TTL1	APcoil	0.0000	(null)	1	10.0000	90.0000	7.9945
Sample 117	Session imported from “Hotspot+Block1.txt”	117	PSCrev2.5	181.0383	147.4989	190.0703	0.0160	0.9952	0.0964	-0.8459	-0.0379	0.5319	0.5330	-0.0901	0.8413	(null)	(null)	(null)	(null)	(null)	(null)	(null)	2020-10-01	11:34:16.395	TTL1	APcoil	0.0000	(null)	1	10.0000	90.0000	5.7104
Sample 118	Session imported from “Hotspot+Block1.txt”	118	PSCrev2.5	181.1688	147.5426	189.9910	0.0177	0.9953	0.0954	-0.8464	-0.0359	0.5313	0.5322	-0.0902	0.8418	(null)	(null)	(null)	(null)	(null)	(null)	(null)	2020-10-01	11:34:16.994	TTL1	APcoil	0.0000	(null)	1	10.0000	90.0000	7.9945
Sample 119	Session imported from “Hotspot+Block1.txt”	119	PSCrev2.5	180.9917	147.5415	190.1021	0.0147	0.9953	0.0954	-0.8463	-0.0384	0.5314	0.5326	-0.0885	0.8417	(null)	(null)	(null)	(null)	(null)	(null)	(null)	2020-10-01	11:34:26.992	TTL1	APcoil	0.0000	(null)	1	10.0000	90.0000	4.5683
Sample 120	Session imported from “Hotspot+Block1.txt”	120	PSCrev2.5	181.1238	147.6591	190.0332	0.0144	0.9953	0.0953	-0.8480	-0.0384	0.5287	0.5299	-0.0884	0.8435	(null)	(null)	(null)	(null)	(null)	(null)	(null)	2020-10-01	11:34:27.493	TTL1	APcoil	0.0000	(null)	1	10.0000	90.0000	7.9945
Sample 121	Session imported from “Hotspot+Block1.txt”	121	PSCrev2.5	181.1304	147.6826	190.0315	0.0142	0.9954	0.0948	-0.8479	-0.0383	0.5287	0.5299	-0.0879	0.8435	(null)	(null)	(null)	(null)	(null)	(null)	(null)	2020-10-01	11:34:27.995	TTL1	APcoil	0.0000	(null)	1	10.0000	90.0000	5.7104
Sample 122	Session imported from “Hotspot+Block1.txt”	122	PSCrev2.5	181.2334	147.5996	189.9552	0.0146	0.9956	0.0925	-0.8486	-0.0366	0.5277	0.5288	-0.0862	0.8444	(null)	(null)	(null)	(null)	(null)	(null)	(null)	2020-10-01	11:34:28.497	TTL1	APcoil	0.0000	(null)	1	10.0000	90.0000	6.8525
Sample 123	Session imported from “Hotspot+Block1.txt”	123	PSCrev2.5	181.1084	147.5799	190.0345	0.0151	0.9953	0.0955	-0.8492	-0.0377	0.5268	0.5279	-0.0891	0.8446	(null)	(null)	(null)	(null)	(null)	(null)	(null)	2020-10-01	11:34:29.096	TTL1	APcoil	0.0000	(null)	1	10.0000	90.0000	5.7104
Sample 124	Session imported from “Hotspot+Block1.txt”	124	PSCrev2.5	181.1200	147.6144	190.0308	0.0155	0.9950	0.0991	-0.8496	-0.0392	0.5260	0.5272	-0.0923	0.8447	(null)	(null)	(null)	(null)	(null)	(null)	(null)	2020-10-01	11:34:29.695	TTL1	APcoil	0.0000	(null)	1	10.0000	90.0000	6.8525
Sample 125	Session imported from “Hotspot+Block1.txt”	125	PSCrev2.5	181.1909	147.5500	189.9774	0.0162	0.9950	0.0984	-0.8502	-0.0381	0.5250	0.5262	-0.0922	0.8454	(null)	(null)	(null)	(null)	(null)	(null)	(null)	2020-10-01	11:34:30.196	TTL1	APcoil	0.0000	(null)	1	10.0000	90.0000	5.7104
Sample 126	Session imported from “Hotspot+Block1.txt”	126	PSCrev2.5	181.1658	147.4935	189.9876	0.0168	0.9952	0.0961	-0.8485	-0.0367	0.5280	0.5290	-0.0904	0.8438	(null)	(null)	(null)	(null)	(null)	(null)	(null)	2020-10-01	11:34:30.698	TTL1	APcoil	0.0000	(null)	1	10.0000	90.0000	6.8525
Sample 127	Session imported from “Hotspot+Block1.txt”	127	PSCrev2.5	180.9593	147.6767	190.1352	0.0168	0.9950	0.0982	-0.8486	-0.0377	0.5276	0.5287	-0.0922	0.8438	(null)	(null)	(null)	(null)	(null)	(null)	(null)	2020-10-01	11:34:40.889	TTL1	APcoil	0.0000	(null)	1	10.0000	90.0000	10.2787
Sample 128	Session imported from “Hotspot+Block1.txt”	128	PSCrev2.5	180.9031	147.6432	190.1647	0.0170	0.9949	0.0992	-0.8495	-0.0380	0.5262	0.5273	-0.0932	0.8446	(null)	(null)	(null)	(null)	(null)	(null)	(null)	2020-10-01	11:34:41.391	TTL1	APcoil	0.0000	(null)	1	10.0000	90.0000	5.7104
Sample 129	Session imported from “Hotspot+Block1.txt”	129	PSCrev2.5	181.0660	147.4992	190.0531	0.0175	0.9948	0.1005	-0.8502	-0.0381	0.5251	0.5262	-0.0946	0.8451	(null)	(null)	(null)	(null)	(null)	(null)	(null)	2020-10-01	11:34:41.893	TTL1	APcoil	0.0000	(null)	1	10.0000	90.0000	5.7104
Sample 130	Session imported from “Hotspot+Block1.txt”	130	PSCrev2.5	180.9430	147.5535	190.1319	0.0163	0.9947	0.1016	-0.8499	-0.0397	0.5254	0.5267	-0.0949	0.8448	(null)	(null)	(null)	(null)	(null)	(null)	(null)	2020-10-01	11:34:42.394	TTL1	APcoil	0.0000	(null)	1	10.0000	90.0000	5.7104
Sample 131	Session imported from “Hotspot+Block1.txt”	131	PSCrev2.5	180.8433	147.5589	190.1910	0.0153	0.9946	0.1023	-0.8503	-0.0409	0.5248	0.5261	-0.0950	0.8451	(null)	(null)	(null)	(null)	(null)	(null)	(null)	2020-10-01	11:34:42.895	TTL1	APcoil	0.0000	(null)	1	10.0000	90.0000	6.8525
Sample 132	Session imported from “Hotspot+Block1.txt”	132	PSCrev2.5	180.9544	147.6529	190.1356	0.0155	0.9947	0.1013	-0.8508	-0.0401	0.5240	0.5253	-0.0943	0.8457	(null)	(null)	(null)	(null)	(null)	(null)	(null)	2020-10-01	11:34:43.397	TTL1	APcoil	0.0000	(null)	1	10.0000	90.0000	6.8525
Sample 133	Session imported from “Hotspot+Block1.txt”	133	PSCrev2.5	180.9295	147.5361	190.1380	0.0156	0.9947	0.1015	-0.8513	-0.0400	0.5231	0.5244	-0.0946	0.8462	(null)	(null)	(null)	(null)	(null)	(null)	(null)	2020-10-01	11:34:43.898	TTL1	APcoil	0.0000	(null)	1	10.0000	90.0000	5.7104
Sample 134	Session imported from “Hotspot+Block1.txt”	134	PSCrev2.5	180.9942	147.5680	190.1034	0.0148	0.9947	0.1017	-0.8509	-0.0409	0.5237	0.5251	-0.0943	0.8458	(null)	(null)	(null)	(null)	(null)	(null)	(null)	2020-10-01	11:34:44.399	TTL1	APcoil	0.0000	(null)	1	10.0000	90.0000	5.7104
Sample 135	Session imported from “Hotspot+Block1.txt”	135	PSCrev2.5	181.2732	147.6048	189.9299	0.0156	0.9947	0.1020	-0.8522	-0.0401	0.5217	0.5230	-0.0951	0.8470	(null)	(null)	(null)	(null)	(null)	(null)	(null)	2020-10-01	11:34:54.788	TTL1	APcoil	0.0000	(null)	1	10.0000	90.0000	7.9945
Sample 136	Session imported from “Hotspot+Block1.txt”	136	PSCrev2.5	181.1152	147.7217	190.0457	0.0170	0.9946	0.1024	-0.8525	-0.0391	0.5213	0.5225	-0.0962	0.8472	(null)	(null)	(null)	(null)	(null)	(null)	(null)	2020-10-01	11:34:55.289	TTL1	APcoil	0.0000	(null)	1	10.0000	90.0000	5.7104
Sample 137	Session imported from “Hotspot+Block1.txt”	137	PSCrev2.5	181.1875	147.7534	190.0021	0.0163	0.9946	0.1021	-0.8523	-0.0396	0.5215	0.5228	-0.0955	0.8471	(null)	(null)	(null)	(null)	(null)	(null)	(null)	2020-10-01	11:34:55.790	TTL1	APcoil	0.0000	(null)	1	10.0000	90.0000	6.8525
Sample 138	Session imported from “Hotspot+Block1.txt”	138	PSCrev2.5	181.2495	147.6945	189.9552	0.0158	0.9947	0.1015	-0.8527	-0.0396	0.5208	0.5221	-0.0948	0.8476	(null)	(null)	(null)	(null)	(null)	(null)	(null)	2020-10-01	11:34:56.291	TTL1	APcoil	0.0000	(null)	1	10.0000	90.0000	6.8525
