# Version: 12
# Coordinate system: Brainsight
# Created by: Brainsight 2.5b3
# X=right->left, Y=anterior->posterior, Z=inferior->superior
# Units: millimetres, degrees, milliseconds, and microvolts
# Encoding: UTF-8
# Notes: Each column is delimited by a tab. Each value within a column is delimited by a semicolon.
# Sample Name	Session Name	Index	Assoc. Target	Loc. X	Loc. Y	Loc. Z	m0n0	m0n1	m0n2	m1n0	m1n1	m1n2	m2n0	m2n1	m2n2	Dist. to Target	Target Error	Angular Error	Twist Error	Stim. Power A	Stim. Pulse Interval	Stim. Power B	Date	Time	Creation Cause	Crosshairs Driver	Offset	Comment	EMG Channels	EMG Window Start	EMG Window End	EMG Peak-to-peak 1
Sample 1	Session imported from “Hotspot+Block1.txt”	1	(null)	172.9887	133.0763	194.8884	-0.5057	0.7251	0.4674	-0.5271	-0.6886	0.4980	0.6830	0.0055	0.7304	(null)	(null)	(null)	(null)	(null)	(null)	(null)	2020-09-17	10:38:26.790	TTL1	APcoil	0.0000	(null)	1	10.0000	90.0000	71.9509
Sample 2	Session imported from “Hotspot+Block1.txt”	2	(null)	164.5789	135.5662	198.9374	-0.6410	0.6772	0.3613	-0.5099	-0.7275	0.4591	0.5737	0.1101	0.8116	(null)	(null)	(null)	(null)	(null)	(null)	(null)	2020-09-17	10:38:31.844	TTL1	APcoil	0.0000	(null)	1	10.0000	90.0000	65.0984
Sample 3	Session imported from “Hotspot+Block1.txt”	3	(null)	166.3633	122.3256	198.0518	-0.6257	0.6424	0.4425	-0.5143	-0.7662	0.3852	0.5865	0.0134	0.8098	(null)	(null)	(null)	(null)	(null)	(null)	(null)	2020-09-17	10:38:37.390	TTL1	APcoil	0.0000	(null)	1	10.0000	90.0000	68.5247
Sample 4	Session imported from “Hotspot+Block1.txt”	4	(null)	176.5291	129.4893	192.1080	-0.5572	0.6698	0.4908	-0.4868	-0.7423	0.4604	0.6727	0.0176	0.7397	(null)	(null)	(null)	(null)	(null)	(null)	(null)	2020-09-17	10:38:50.992	TTL1	APcoil	0.0000	(null)	1	10.0000	90.0000	150.7543
Sample 5	Session imported from “Hotspot+Block1.txt”	5	(null)	169.9585	143.2198	197.0692	-0.6533	0.6758	0.3413	-0.5242	-0.7290	0.4401	0.5463	0.1086	0.8305	(null)	(null)	(null)	(null)	(null)	(null)	(null)	2020-09-17	10:39:14.135	TTL1	APcoil	0.0000	(null)	1	10.0000	90.0000	52.5356
Sample 6	Session imported from “Hotspot+Block1.txt”	6	(null)	169.3131	134.1870	197.0317	-0.6734	0.6503	0.3516	-0.5243	-0.7554	0.3930	0.5212	0.0803	0.8497	(null)	(null)	(null)	(null)	(null)	(null)	(null)	2020-09-17	10:39:19.525	TTL1	APcoil	0.0000	(null)	1	10.0000	90.0000	46.8252
Sample 7	Session imported from “Hotspot+Block1.txt”	7	(null)	167.7069	144.5721	197.8817	-0.6292	0.7059	0.3253	-0.5360	-0.6972	0.4760	0.5628	0.1251	0.8171	(null)	(null)	(null)	(null)	(null)	(null)	(null)	2020-09-17	10:39:29.232	TTL1	APcoil	0.0000	(null)	1	10.0000	90.0000	89.0821
Sample 8	Session imported from “Hotspot+Block1.txt”	8	(null)	163.0512	131.4118	199.4795	-0.6135	0.6894	0.3851	-0.5530	-0.7232	0.4137	0.5637	0.0408	0.8249	(null)	(null)	(null)	(null)	(null)	(null)	(null)	2020-09-17	10:39:34.620	TTL1	APcoil	0.0000	(null)	1	10.0000	90.0000	92.5083
Sample 9	Session imported from “Hotspot+Block1.txt”	9	(null)	165.9160	129.6129	198.2988	-0.5109	0.7842	0.3520	-0.6161	-0.6197	0.4862	0.5994	0.0315	0.7998	(null)	(null)	(null)	(null)	(null)	(null)	(null)	2020-09-17	10:39:40.428	TTL1	APcoil	0.0000	(null)	1	10.0000	90.0000	95.9345
Sample 10	Session imported from “Hotspot+Block1.txt”	10	(null)	169.0092	133.7187	197.1706	-0.5683	0.6967	0.4378	-0.5396	-0.7172	0.4409	0.6212	0.0143	0.7835	(null)	(null)	(null)	(null)	(null)	(null)	(null)	2020-09-17	10:39:52.850	TTL1	APcoil	0.0000	(null)	1	10.0000	90.0000	163.3171
Sample 11	Session imported from “Hotspot+Block1.txt”	11	(null)	165.3521	129.5534	198.5698	-0.6492	0.6395	0.4118	-0.5164	-0.7681	0.3787	0.5585	0.0332	0.8289	(null)	(null)	(null)	(null)	(null)	(null)	(null)	2020-09-17	10:40:01.123	TTL1	APcoil	0.0000	(null)	1	10.0000	90.0000	164.4592
Sample 12	Session imported from “Hotspot+Block1.txt”	12	(null)	169.6456	132.9298	196.9035	-0.4485	0.8068	0.3847	-0.6301	-0.5906	0.5042	0.6340	-0.0163	0.7732	(null)	(null)	(null)	(null)	(null)	(null)	(null)	2020-09-17	10:40:11.941	TTL1	APcoil	0.0000	(null)	1	10.0000	90.0000	94.7925
Sample 13	Session imported from “Hotspot+Block1.txt”	13	(null)	176.8487	149.5670	192.8800	-0.6318	0.7183	0.2914	-0.4788	-0.6573	0.5820	0.6096	0.2282	0.7592	(null)	(null)	(null)	(null)	(null)	(null)	(null)	2020-09-17	10:40:29.460	TTL1	APcoil	0.0000	(null)	1	10.0000	90.0000	113.0657
Sample 14	Session imported from “Hotspot+Block1.txt”	14	(null)	172.0940	150.5655	196.2952	-0.6843	0.6897	0.2368	-0.4988	-0.6796	0.5379	0.5319	0.2500	0.8091	(null)	(null)	(null)	(null)	(null)	(null)	(null)	2020-09-17	10:40:34.710	TTL1	APcoil	0.0000	(null)	1	10.0000	90.0000	127.9127
Sample 15	Session imported from “Hotspot+Block1.txt”	15	(null)	167.7140	132.2934	197.5967	-0.6372	0.7102	0.2992	-0.5436	-0.6894	0.4788	0.5463	0.1424	0.8254	(null)	(null)	(null)	(null)	(null)	(null)	(null)	2020-09-17	10:40:43.747	TTL1	APcoil	0.0000	(null)	1	10.0000	90.0000	117.6340
Sample 16	Session imported from “Hotspot+Block1.txt”	16	(null)	176.3194	135.4552	192.8088	-0.6018	0.7261	0.3324	-0.5256	-0.6735	0.5197	0.6013	0.1380	0.7870	(null)	(null)	(null)	(null)	(null)	(null)	(null)	2020-09-17	10:40:48.399	TTL1	APcoil	0.0000	(null)	1	10.0000	90.0000	138.1914
Sample 17	Session imported from “Hotspot+Block1.txt”	17	Sample 16	176.3582	135.7212	192.8116	-0.5712	0.7630	0.3026	-0.5387	-0.6266	0.5632	0.6193	0.1587	0.7689	(null)	(null)	(null)	(null)	(null)	(null)	(null)	2020-09-17	10:41:24.718	TTL1	APcoil	0.0000	(null)	1	10.0000	90.0000	140.4756
Sample 18	Session imported from “Hotspot+Block1.txt”	18	Sample 16	176.7216	133.7214	192.2558	-0.5179	0.7623	0.3882	-0.5553	-0.6448	0.5252	0.6507	0.0564	0.7573	(null)	(null)	(null)	(null)	(null)	(null)	(null)	2020-09-17	10:41:35.689	TTL1	APcoil	0.0000	(null)	1	10.0000	90.0000	188.4428
Sample 19	Session imported from “Hotspot+Block1.txt”	19	Sample 16	181.0296	141.0082	189.3866	-0.5893	0.7476	0.3063	-0.5162	-0.6401	0.5691	0.6215	0.1773	0.7631	(null)	(null)	(null)	(null)	(null)	(null)	(null)	2020-09-17	10:41:42.942	TTL1	APcoil	0.0000	(null)	1	10.0000	90.0000	185.0166
Sample 20	Session imported from “Hotspot+Block1.txt”	20	Sample 16	172.0322	130.5624	195.4820	-0.5927	0.7414	0.3146	-0.5505	-0.6581	0.5137	0.5879	0.1313	0.7982	(null)	(null)	(null)	(null)	(null)	(null)	(null)	2020-09-17	10:41:49.281	TTL1	APcoil	0.0000	(null)	1	10.0000	90.0000	161.0330
Sample 21	Session imported from “Hotspot+Block1.txt”	21	Sample 16	173.3456	143.8963	195.7416	-0.5953	0.7587	0.2646	-0.5415	-0.6221	0.5655	0.5936	0.1934	0.7812	(null)	(null)	(null)	(null)	(null)	(null)	(null)	2020-09-17	10:42:03.385	TTL1	APcoil	0.0000	(null)	1	10.0000	90.0000	162.1751
Sample 22	Session imported from “Hotspot+Block1.txt”	22	Sample 16	179.1586	131.9588	190.3250	-0.5646	0.7559	0.3313	-0.5430	-0.6425	0.5407	0.6216	0.1254	0.7732	(null)	(null)	(null)	(null)	(null)	(null)	(null)	2020-09-17	10:42:09.956	TTL1	APcoil	0.0000	(null)	1	10.0000	90.0000	188.4428
Sample 23	Session imported from “Hotspot+Block1.txt”	23	Sample 22	178.9192	132.3326	190.5144	-0.5843	0.7239	0.3668	-0.5229	-0.6815	0.5120	0.6206	0.1074	0.7767	(null)	(null)	(null)	(null)	(null)	(null)	(null)	2020-09-17	10:42:31.459	TTL1	APcoil	0.0000	(null)	1	10.0000	90.0000	222.7052
Sample 24	Session imported from “Hotspot+Block1.txt”	24	Sample 22	176.7528	129.0317	191.9404	-0.6023	0.7103	0.3642	-0.5288	-0.6968	0.4845	0.5980	0.0992	0.7954	(null)	(null)	(null)	(null)	(null)	(null)	(null)	2020-09-17	10:42:37.587	TTL1	APcoil	0.0000	(null)	1	10.0000	90.0000	203.2899
Sample 25	Session imported from “Hotspot+Block1.txt”	25	Sample 22	183.5361	138.1655	187.1309	-0.6284	0.6973	0.3447	-0.4950	-0.7003	0.5143	0.6001	0.1526	0.7853	(null)	(null)	(null)	(null)	(null)	(null)	(null)	2020-09-17	10:42:43.574	TTL1	APcoil	0.0000	(null)	1	10.0000	90.0000	155.3226
Sample 26	Session imported from “Hotspot+Block1.txt”	26	Sample 22	179.7871	132.4082	189.7144	-0.5787	0.7584	0.3000	-0.5522	-0.6351	0.5401	0.6001	0.1469	0.7863	(null)	(null)	(null)	(null)	(null)	(null)	(null)	2020-09-17	10:43:00.620	TTL1	APcoil	0.0000	(null)	1	10.0000	90.0000	220.4210
Sample 27	Session imported from “Hotspot+Block1.txt”	27	Sample 22	176.7352	128.2435	191.8957	-0.6176	0.7151	0.3273	-0.5377	-0.6877	0.4878	0.5739	0.1253	0.8093	(null)	(null)	(null)	(null)	(null)	(null)	(null)	2020-09-17	10:43:12.681	TTL1	APcoil	0.0000	(null)	1	10.0000	90.0000	252.3992
Sample 28	Session imported from “Hotspot+Block1.txt”	28	Sample 22	182.7058	128.4617	186.7911	-0.6201	0.6974	0.3592	-0.5157	-0.7075	0.4833	0.5912	0.1145	0.7984	(null)	(null)	(null)	(null)	(null)	(null)	(null)	2020-09-17	10:43:19.879	TTL1	APcoil	0.0000	(null)	1	10.0000	90.0000	230.6997
Sample 29	Session imported from “Hotspot+Block1.txt”	29	Sample 22	176.7020	137.7230	192.7759	-0.6166	0.7173	0.3245	-0.5280	-0.6825	0.5053	0.5839	0.1402	0.7996	(null)	(null)	(null)	(null)	(null)	(null)	(null)	2020-09-17	10:43:26.843	TTL1	APcoil	0.0000	(null)	1	10.0000	90.0000	263.8200
Sample 30	Session imported from “Hotspot+Block1.txt”	30	Sample 29	177.4948	136.3574	191.9400	-0.6154	0.7363	0.2815	-0.5486	-0.6565	0.5178	0.5660	0.1642	0.8079	(null)	(null)	(null)	(null)	(null)	(null)	(null)	2020-09-17	10:43:52.508	TTL1	APcoil	0.0000	(null)	1	10.0000	90.0000	214.7106
Sample 31	Session imported from “Hotspot+Block1.txt”	31	Sample 29	180.5930	141.8835	189.8033	-0.6165	0.7417	0.2642	-0.4972	-0.6269	0.5999	0.6106	0.2385	0.7552	(null)	(null)	(null)	(null)	(null)	(null)	(null)	2020-09-17	10:44:01.251	TTL1	APcoil	0.0000	(null)	1	10.0000	90.0000	173.5958
Sample 32	Session imported from “Hotspot+Block1.txt”	32	Sample 29	173.2048	132.5878	194.7240	-0.6291	0.7297	0.2678	-0.5119	-0.6482	0.5637	0.5849	0.2175	0.7814	(null)	(null)	(null)	(null)	(null)	(null)	(null)	2020-09-17	10:44:07.909	TTL1	APcoil	0.0000	(null)	1	10.0000	90.0000	123.3444
Sample 33	Session imported from “Hotspot+Block1.txt”	33	Sample 29	180.3796	132.9834	189.1344	-0.6338	0.7186	0.2862	-0.5010	-0.6633	0.5560	0.5893	0.2090	0.7804	(null)	(null)	(null)	(null)	(null)	(null)	(null)	2020-09-17	10:44:13.981	TTL1	APcoil	0.0000	(null)	1	10.0000	90.0000	130.1969
Sample 34	Session imported from “Hotspot+Block1.txt”	34	Sample 29	174.4135	143.8654	194.9841	-0.6511	0.7135	0.2587	-0.4935	-0.6570	0.5700	0.5767	0.2435	0.7799	(null)	(null)	(null)	(null)	(null)	(null)	(null)	2020-09-17	10:44:20.163	TTL1	APcoil	0.0000	(null)	1	10.0000	90.0000	149.6122
Sample 35	Session imported from “Hotspot+Block1.txt”	35	Sample 29	176.9395	137.7092	192.5389	-0.6489	0.6684	0.3637	-0.4641	-0.7264	0.5069	0.6030	0.1601	0.7815	(null)	(null)	(null)	(null)	(null)	(null)	(null)	2020-09-17	10:44:35.414	TTL1	APcoil	0.0000	(null)	1	10.0000	90.0000	123.3444
Sample 36	Session imported from “Hotspot+Block1.txt”	36	Sample 29	180.6493	141.6044	189.7493	-0.6479	0.6722	0.3583	-0.4686	-0.7226	0.5083	0.6006	0.1614	0.7831	(null)	(null)	(null)	(null)	(null)	(null)	(null)	2020-09-17	10:44:42.835	TTL1	APcoil	0.0000	(null)	1	10.0000	90.0000	173.5959
Sample 37	Session imported from “Hotspot+Block1.txt”	37	Sample 36	180.8700	140.7788	189.4823	-0.6548	0.6602	0.3679	-0.4502	-0.7317	0.5118	0.6071	0.1695	0.7763	(null)	(null)	(null)	(null)	(null)	(null)	(null)	2020-09-17	10:45:13.593	TTL1	APcoil	0.0000	(null)	1	10.0000	90.0000	223.8473
Sample 38	Session imported from “Hotspot+Block1.txt”	38	Sample 36	178.5106	136.8414	190.9917	-0.6827	0.6340	0.3632	-0.4509	-0.7567	0.4734	0.5750	0.1594	0.8025	(null)	(null)	(null)	(null)	(null)	(null)	(null)	2020-09-17	10:45:19.108	TTL1	APcoil	0.0000	(null)	1	10.0000	90.0000	226.1314
Sample 39	Session imported from “Hotspot+Block1.txt”	39	Sample 36	184.5530	146.0454	187.5186	-0.6971	0.6223	0.3561	-0.4098	-0.7534	0.5143	0.5883	0.2126	0.7802	(null)	(null)	(null)	(null)	(null)	(null)	(null)	2020-09-17	10:45:25.040	TTL1	APcoil	0.0000	(null)	1	10.0000	90.0000	212.4265
Sample 40	Session imported from “Hotspot+Block1.txt”	40	Sample 36	177.9730	145.1308	191.6815	-0.6995	0.6346	0.3286	-0.4263	-0.7396	0.5208	0.5735	0.2242	0.7879	(null)	(null)	(null)	(null)	(null)	(null)	(null)	2020-09-17	10:45:31.055	TTL1	APcoil	0.0000	(null)	1	10.0000	90.0000	207.8582
Sample 41	Session imported from “Hotspot+Block1.txt”	41	Sample 36	184.4671	138.4010	186.4980	-0.6421	0.6733	0.3667	-0.4411	-0.7156	0.5416	0.6270	0.1860	0.7565	(null)	(null)	(null)	(null)	(null)	(null)	(null)	2020-09-17	10:45:37.028	TTL1	APcoil	0.0000	(null)	1	10.0000	90.0000	177.0221
Sample 42	Session imported from “Hotspot+Block1.txt”	42	Sample 36	181.0647	141.3476	189.3998	-0.6688	0.6606	0.3411	-0.4698	-0.7311	0.4947	0.5762	0.1706	0.7993	(null)	(null)	(null)	(null)	(null)	(null)	(null)	2020-09-17	10:45:43.628	TTL1	APcoil	0.0000	(null)	1	10.0000	90.0000	206.7161
Sample 43	Session imported from “Hotspot+Block1.txt”	43	Sample 36	180.8812	141.5145	189.5604	-0.6345	0.6983	0.3313	-0.4849	-0.6934	0.5329	0.6019	0.1775	0.7786	(null)	(null)	(null)	(null)	(null)	(null)	(null)	2020-09-17	10:46:07.172	TTL1	APcoil	0.0000	(null)	1	10.0000	90.0000	214.7106
Sample 44	Session imported from “Hotspot+Block1.txt”	44	Sample 36	184.5796	146.3468	187.5383	-0.6490	0.6856	0.3299	-0.4567	-0.6978	0.5518	0.6085	0.2074	0.7660	(null)	(null)	(null)	(null)	(null)	(null)	(null)	2020-09-17	10:46:14.998	TTL1	APcoil	0.0000	(null)	1	10.0000	90.0000	227.2735
Sample 45	Session imported from “Hotspot+Block1.txt”	45	Sample 36	181.1825	141.8408	189.3674	-0.6463	0.6841	0.3380	-0.4774	-0.7081	0.5203	0.5953	0.1749	0.7842	(null)	(null)	(null)	(null)	(null)	(null)	(null)	2020-09-17	10:46:26.544	TTL1	APcoil	0.0000	(null)	1	10.0000	90.0000	221.5631
Sample 46	Session imported from “Hotspot+Block1.txt”	46	Sample 36	184.3683	145.1147	187.5187	-0.6807	0.6890	0.2488	-0.4854	-0.6786	0.5512	0.5486	0.2544	0.7964	(null)	(null)	(null)	(null)	(null)	(null)	(null)	2020-09-17	10:46:41.725	TTL1	APcoil	0.0000	(null)	1	10.0000	90.0000	174.7379
Sample 47	Session imported from “Hotspot+Block1.txt”	47	Sample 36	183.6789	138.1142	187.0138	-0.5951	0.7301	0.3359	-0.5102	-0.6661	0.5440	0.6210	0.1524	0.7689	(null)	(null)	(null)	(null)	(null)	(null)	(null)	2020-09-17	10:46:47.852	TTL1	APcoil	0.0000	(null)	1	10.0000	90.0000	182.7325
Sample 48	Session imported from “Hotspot+Block1.txt”	48	Sample 36	177.8887	138.2603	191.6177	-0.6229	0.7215	0.3022	-0.5316	-0.6739	0.5131	0.5739	0.1590	0.8034	(null)	(null)	(null)	(null)	(null)	(null)	(null)	2020-09-17	10:46:53.602	TTL1	APcoil	0.0000	(null)	1	10.0000	90.0000	190.7270
Sample 49	Session imported from “Hotspot+Block1.txt”	49	Sample 36	177.8935	147.6544	191.9666	-0.6367	0.7196	0.2771	-0.5191	-0.6657	0.5361	0.5702	0.1975	0.7974	(null)	(null)	(null)	(null)	(null)	(null)	(null)	2020-09-17	10:47:01.218	TTL1	APcoil	0.0000	(null)	1	10.0000	90.0000	197.5795
Sample 50	Session imported from “Hotspot+Block1.txt”	50	Sample 36	(null)	(null)	(null)	(null)	(null)	(null)	(null)	(null)	(null)	(null)	(null)	(null)	(null)	(null)	(null)	(null)	(null)	(null)	(null)	2020-09-17	10:47:25.818	TTL1	APcoil	0.0000	(null)	1	10.0000	90.0000	7.9945
Sample 51	Session imported from “Hotspot+Block1.txt”	51	Sample 36	(null)	(null)	(null)	(null)	(null)	(null)	(null)	(null)	(null)	(null)	(null)	(null)	(null)	(null)	(null)	(null)	(null)	(null)	(null)	2020-09-17	10:47:26.779	TTL1	APcoil	0.0000	(null)	1	10.0000	90.0000	5.7104
Sample 52	Session imported from “Hotspot+Block1.txt”	52	Sample 36	180.7791	141.7739	189.6695	-0.6685	0.6395	0.3796	-0.4400	-0.7516	0.4914	0.5996	0.1615	0.7838	(null)	(null)	(null)	(null)	(null)	(null)	(null)	2020-09-17	10:47:35.597	TTL1	APcoil	0.0000	(null)	1	10.0000	90.0000	234.1260
Sample 53	Session imported from “Hotspot+Block1.txt”	53	Sample 36	178.5758	137.5568	190.9537	-0.6853	0.6278	0.3689	-0.4433	-0.7616	0.4726	0.5777	0.1603	0.8003	(null)	(null)	(null)	(null)	(null)	(null)	(null)	2020-09-17	10:47:43.660	TTL1	APcoil	0.0000	(null)	1	10.0000	90.0000	237.5522
Sample 54	Session imported from “Hotspot+Block1.txt”	54	Sample 53	178.4230	137.7920	191.1037	-0.7073	0.5845	0.3976	-0.3868	-0.7908	0.4744	0.5917	0.1817	0.7854	(null)	(null)	(null)	(null)	(null)	(null)	(null)	2020-09-17	10:49:35.092	TTL1	APcoil	0.0000	(null)	1	10.0000	90.0000	224.9893
Sample 55	Session imported from “Hotspot+Block1.txt”	55	Sample 53	178.6546	137.4737	190.8775	-0.7392	0.5474	0.3923	-0.3527	-0.8109	0.4669	0.5737	0.2068	0.7925	(null)	(null)	(null)	(null)	(null)	(null)	(null)	2020-09-17	10:49:53.273	TTL1	APcoil	0.0000	(null)	1	10.0000	90.0000	274.0987
Sample 56	Session imported from “Hotspot+Block1.txt”	56	Sample 53	178.8459	137.6560	190.7048	-0.7394	0.5564	0.3790	-0.3632	-0.8037	0.4713	0.5669	0.2108	0.7964	(null)	(null)	(null)	(null)	(null)	(null)	(null)	2020-09-17	10:50:28.218	TTL1	APcoil	0.0000	(null)	1	10.0000	90.0000	314.0714
Sample 57	Session imported from “Hotspot+Block1.txt”	57	Sample 53	179.1754	137.2161	190.3729	-0.7583	0.5239	0.3881	-0.3399	-0.8256	0.4503	0.5563	0.2095	0.8041	(null)	(null)	(null)	(null)	(null)	(null)	(null)	2020-09-17	10:50:45.242	TTL1	APcoil	0.0000	(null)	1	10.0000	90.0000	304.9348
Sample 58	Session imported from “Hotspot+Block1.txt”	58	Sample 53	178.9204	138.0316	190.6568	-0.7052	0.6162	0.3506	-0.4324	-0.7657	0.4761	0.5619	0.1842	0.8065	(null)	(null)	(null)	(null)	(null)	(null)	(null)	2020-09-17	10:51:02.589	TTL1	APcoil	0.0000	(null)	1	10.0000	90.0000	292.3719
Sample 59	Session imported from “Hotspot+Block1.txt”	59	Sample 53	178.8137	137.6562	190.7348	-0.7040	0.6143	0.3562	-0.4266	-0.7669	0.4794	0.5677	0.1856	0.8020	(null)	(null)	(null)	(null)	(null)	(null)	(null)	2020-09-17	10:51:12.912	TTL1	APcoil	0.0000	(null)	1	10.0000	90.0000	278.6670
Sample 60	Session imported from “Hotspot+Block1.txt”	60	Sample 53	178.7036	137.1659	190.8219	-0.7001	0.6203	0.3537	-0.4283	-0.7611	0.4871	0.5714	0.1895	0.7985	(null)	(null)	(null)	(null)	(null)	(null)	(null)	2020-09-17	10:51:21.215	TTL1	APcoil	0.0000	(null)	1	10.0000	90.0000	314.0714
Sample 61	Session imported from “Hotspot+Block1.txt”	61	Sample 53	178.7299	137.3016	190.8017	-0.6976	0.6196	0.3598	-0.4232	-0.7615	0.4909	0.5782	0.1902	0.7934	(null)	(null)	(null)	(null)	(null)	(null)	(null)	2020-09-17	10:51:29.395	TTL1	APcoil	0.0000	(null)	1	10.0000	90.0000	306.0769
Sample 62	Session imported from “Hotspot+Block1.txt”	62	Sample 53	178.5323	137.4994	190.9924	-0.6912	0.6229	0.3665	-0.4244	-0.7603	0.4917	0.5849	0.1843	0.7899	(null)	(null)	(null)	(null)	(null)	(null)	(null)	2020-09-17	10:51:39.036	TTL1	APcoil	0.0000	(null)	1	10.0000	90.0000	304.9348
Sample 63	Session imported from “Hotspot+Block1.txt”	63	Sample 53	178.3015	137.6751	191.2135	-0.6866	0.6246	0.3721	-0.4236	-0.7596	0.4935	0.5909	0.1812	0.7861	(null)	(null)	(null)	(null)	(null)	(null)	(null)	2020-09-17	10:51:47.282	TTL1	APcoil	0.0000	(null)	1	10.0000	90.0000	291.2299
Sample 64	Session imported from “Hotspot+Block1.txt”	64	Sample 53	178.2745	137.4830	191.2325	-0.6884	0.6244	0.3691	-0.4224	-0.7588	0.4958	0.5897	0.1854	0.7861	(null)	(null)	(null)	(null)	(null)	(null)	(null)	2020-09-17	10:51:55.766	TTL1	APcoil	0.0000	(null)	1	10.0000	90.0000	279.8091
Sample 65	Session imported from “Hotspot+Block1.txt”	65	Sample 53	178.5645	137.6882	190.9684	-0.6802	0.6355	0.3653	-0.4412	-0.7529	0.4884	0.5854	0.1710	0.7925	(null)	(null)	(null)	(null)	(null)	(null)	(null)	2020-09-17	10:52:04.851	TTL1	APcoil	0.0000	(null)	1	10.0000	90.0000	288.9457
Sample 66	Session imported from “Hotspot+Block1.txt”	66	Sample 53	178.6528	137.9707	190.9006	-0.6824	0.6323	0.3667	-0.4311	-0.7533	0.4967	0.5903	0.1809	0.7867	(null)	(null)	(null)	(null)	(null)	(null)	(null)	2020-09-17	10:52:14.355	TTL1	APcoil	0.0000	(null)	1	10.0000	90.0000	295.7982
Sample 67	Session imported from “Hotspot+Block1.txt”	67	Sample 53	178.4464	137.4533	191.0711	-0.7430	0.5536	0.3762	-0.3668	-0.8069	0.4629	0.5598	0.2059	0.8026	(null)	(null)	(null)	(null)	(null)	(null)	(null)	2020-09-17	10:52:45.143	TTL1	APcoil	0.0000	(null)	1	10.0000	90.0000	222.7052
Sample 68	Session imported from “Hotspot+Block1.txt”	68	Sample 53	178.6166	137.9508	190.9329	-0.7484	0.5345	0.3927	-0.3533	-0.8223	0.4460	0.5613	0.1951	0.8043	(null)	(null)	(null)	(null)	(null)	(null)	(null)	2020-09-17	10:52:53.812	TTL1	APcoil	0.0000	(null)	1	10.0000	90.0000	142.7597
Sample 69	Session imported from “Hotspot+Block1.txt”	69	Sample 53	178.6447	137.7659	190.8960	-0.7445	0.5394	0.3933	-0.3446	-0.8151	0.4657	0.5718	0.2112	0.7927	(null)	(null)	(null)	(null)	(null)	(null)	(null)	2020-09-17	10:53:01.546	TTL1	APcoil	0.0000	(null)	1	10.0000	90.0000	102.7870
Sample 70	Session imported from “Hotspot+Block1.txt”	70	Sample 53	178.4990	137.7175	191.0304	-0.7469	0.5195	0.4151	-0.3406	-0.8350	0.4322	0.5711	0.1814	0.8006	(null)	(null)	(null)	(null)	(null)	(null)	(null)	2020-09-17	10:53:10.587	TTL1	APcoil	0.0000	(null)	1	10.0000	90.0000	97.0766
Sample 71	Session imported from “Hotspot+Block1.txt”	71	Sample 53	178.6552	137.2022	190.8682	-0.7379	0.5591	0.3781	-0.3699	-0.8036	0.4663	0.5645	0.2042	0.7998	(null)	(null)	(null)	(null)	(null)	(null)	(null)	2020-09-17	10:53:21.468	TTL1	APcoil	0.0000	(null)	1	10.0000	90.0000	105.0712
Sample 72	Session imported from “Hotspot+Block1.txt”	72	Sample 53	178.5008	137.1225	191.0098	-0.7470	0.5473	0.3773	-0.3593	-0.8100	0.4635	0.5593	0.2107	0.8017	(null)	(null)	(null)	(null)	(null)	(null)	(null)	2020-09-17	10:53:29.310	TTL1	APcoil	0.0000	(null)	1	10.0000	90.0000	517.3613
Sample 73	Session imported from “Hotspot+Block1.txt”	73	Sample 53	178.8718	137.8120	190.6881	-0.7516	0.5367	0.3835	-0.3819	-0.8281	0.4104	0.5378	0.1620	0.8273	(null)	(null)	(null)	(null)	(null)	(null)	(null)	2020-09-17	10:53:37.738	TTL1	APcoil	0.0000	(null)	1	10.0000	90.0000	148.4701
Sample 74	Session imported from “Hotspot+Block1.txt”	74	Sample 53	178.4116	137.7780	191.1139	-0.7455	0.5199	0.4170	-0.3347	-0.8331	0.4404	0.5764	0.1887	0.7951	(null)	(null)	(null)	(null)	(null)	(null)	(null)	2020-09-17	10:53:45.961	TTL1	APcoil	0.0000	(null)	1	10.0000	90.0000	131.3390
Sample 75	Session imported from “Hotspot+Block1.txt”	75	Sample 53	178.5500	137.4038	190.9729	-0.7415	0.5205	0.4233	-0.3281	-0.8317	0.4479	0.5852	0.1932	0.7875	(null)	(null)	(null)	(null)	(null)	(null)	(null)	2020-09-17	10:53:54.708	TTL1	APcoil	0.0000	(null)	1	10.0000	90.0000	158.7488
Sample 76	Session imported from “Hotspot+Block1.txt”	76	Sample 53	178.2953	137.3413	191.2086	-0.7260	0.5744	0.3781	-0.3645	-0.7877	0.4967	0.5831	0.2228	0.7812	(null)	(null)	(null)	(null)	(null)	(null)	(null)	2020-09-17	10:54:03.444	TTL1	APcoil	0.0000	(null)	1	10.0000	90.0000	674.9680
Sample 77	Session imported from “Hotspot+Block1.txt”	77	Sample 53	178.5336	137.6579	190.9962	-0.7269	0.5733	0.3780	-0.3729	-0.7918	0.4837	0.5766	0.2107	0.7894	(null)	(null)	(null)	(null)	(null)	(null)	(null)	2020-09-17	10:54:10.800	TTL1	APcoil	0.0000	(null)	1	10.0000	90.0000	173.5958
Sample 78	Session imported from “Hotspot+Block1.txt”	78	Sample 53	178.5451	137.5054	190.9807	-0.7282	0.5641	0.3893	-0.3717	-0.8022	0.4672	0.5759	0.1956	0.7938	(null)	(null)	(null)	(null)	(null)	(null)	(null)	2020-09-17	10:54:19.215	TTL1	APcoil	0.0000	(null)	1	10.0000	90.0000	173.5958
Sample 79	Session imported from “Hotspot+Block1.txt”	79	Sample 53	178.6639	137.8737	190.8843	-0.7333	0.5562	0.3910	-0.3794	-0.8120	0.4436	0.5642	0.1769	0.8064	(null)	(null)	(null)	(null)	(null)	(null)	(null)	2020-09-17	10:54:34.859	TTL1	APcoil	0.0000	(null)	1	10.0000	90.0000	276.3828
Sample 80	Session imported from “Hotspot+Block1.txt”	80	Sample 53	178.7823	137.0583	190.7429	-0.7294	0.5573	0.3968	-0.3730	-0.8102	0.4522	0.5735	0.1818	0.7988	(null)	(null)	(null)	(null)	(null)	(null)	(null)	2020-09-17	10:54:42.633	TTL1	APcoil	0.0000	(null)	1	10.0000	90.0000	287.8036
Sample 81	Session imported from “Hotspot+Block1.txt”	81	Sample 53	178.4172	137.9193	191.1155	-0.7246	0.5617	0.3993	-0.3688	-0.8055	0.4639	0.5822	0.1889	0.7908	(null)	(null)	(null)	(null)	(null)	(null)	(null)	2020-09-17	10:54:50.743	TTL1	APcoil	0.0000	(null)	1	10.0000	90.0000	294.6561
Sample 82	Session imported from “Hotspot+Block1.txt”	82	Sample 53	178.4051	137.8252	191.1215	-0.7155	0.5701	0.4037	-0.3701	-0.7995	0.4732	0.5925	0.1892	0.7830	(null)	(null)	(null)	(null)	(null)	(null)	(null)	2020-09-17	10:54:57.890	TTL1	APcoil	0.0000	(null)	1	10.0000	90.0000	1049.5696
Sample 83	Session imported from “Hotspot+Block1.txt”	83	PMCtargetrev	146.2506	208.5891	168.3456	-0.7422	0.6460	0.1781	-0.5538	-0.7410	0.3799	0.3774	0.1834	0.9077	(null)	(null)	(null)	(null)	(null)	(null)	(null)	2020-09-17	11:03:49.700	TTL1	APcoil	0.0000	(null)	(null)	(null)	(null)	(null)
Sample 84	Session imported from “Hotspot+Block1.txt”	84	PMCtargetrev	146.2506	208.5891	168.3456	-0.7422	0.6460	0.1781	-0.5538	-0.7410	0.3799	0.3774	0.1834	0.9077	(null)	(null)	(null)	(null)	(null)	(null)	(null)	2020-09-17	11:03:50.202	TTL1	APcoil	0.0000	(null)	(null)	(null)	(null)	(null)
Sample 85	Session imported from “Hotspot+Block1.txt”	85	PMCtargetrev	146.2506	208.5891	168.3456	-0.7422	0.6460	0.1781	-0.5538	-0.7410	0.3799	0.3774	0.1834	0.9077	(null)	(null)	(null)	(null)	(null)	(null)	(null)	2020-09-17	11:03:50.704	TTL1	APcoil	0.0000	(null)	(null)	(null)	(null)	(null)
Sample 86	Session imported from “Hotspot+Block1.txt”	86	PMCtargetrev	146.2506	208.5891	168.3456	-0.7422	0.6460	0.1781	-0.5538	-0.7410	0.3799	0.3774	0.1834	0.9077	(null)	(null)	(null)	(null)	(null)	(null)	(null)	2020-09-17	11:03:51.205	TTL1	APcoil	0.0000	(null)	(null)	(null)	(null)	(null)
Sample 87	Session imported from “Hotspot+Block1.txt”	87	PMCtargetrev	146.2506	208.5891	168.3456	-0.7422	0.6460	0.1781	-0.5538	-0.7410	0.3799	0.3774	0.1834	0.9077	(null)	(null)	(null)	(null)	(null)	(null)	(null)	2020-09-17	11:03:51.707	TTL1	APcoil	0.0000	(null)	(null)	(null)	(null)	(null)
Sample 88	Session imported from “Hotspot+Block1.txt”	88	PMCtargetrev	146.2506	208.5891	168.3456	-0.7422	0.6460	0.1781	-0.5538	-0.7410	0.3799	0.3774	0.1834	0.9077	(null)	(null)	(null)	(null)	(null)	(null)	(null)	2020-09-17	11:03:52.209	TTL1	APcoil	0.0000	(null)	(null)	(null)	(null)	(null)
Sample 89	Session imported from “Hotspot+Block1.txt”	89	PMCtargetrev	146.2506	208.5891	168.3456	-0.7422	0.6460	0.1781	-0.5538	-0.7410	0.3799	0.3774	0.1834	0.9077	(null)	(null)	(null)	(null)	(null)	(null)	(null)	2020-09-17	11:03:52.710	TTL1	APcoil	0.0000	(null)	(null)	(null)	(null)	(null)
Sample 90	Session imported from “Hotspot+Block1.txt”	90	PMCtargetrev	146.2506	208.5891	168.3456	-0.7422	0.6460	0.1781	-0.5538	-0.7410	0.3799	0.3774	0.1834	0.9077	(null)	(null)	(null)	(null)	(null)	(null)	(null)	2020-09-17	11:04:05.027	TTL1	APcoil	0.0000	(null)	(null)	(null)	(null)	(null)
Sample 91	Session imported from “Hotspot+Block1.txt”	91	PMCtargetrev	146.2506	208.5891	168.3456	-0.7422	0.6460	0.1781	-0.5538	-0.7410	0.3799	0.3774	0.1834	0.9077	(null)	(null)	(null)	(null)	(null)	(null)	(null)	2020-09-17	11:04:05.528	TTL1	APcoil	0.0000	(null)	(null)	(null)	(null)	(null)
Sample 92	Session imported from “Hotspot+Block1.txt”	92	PMCtargetrev	146.2506	208.5891	168.3456	-0.7422	0.6460	0.1781	-0.5538	-0.7410	0.3799	0.3774	0.1834	0.9077	(null)	(null)	(null)	(null)	(null)	(null)	(null)	2020-09-17	11:04:06.029	TTL1	APcoil	0.0000	(null)	(null)	(null)	(null)	(null)
Sample 93	Session imported from “Hotspot+Block1.txt”	93	PMCtargetrev	146.2506	208.5891	168.3456	-0.7422	0.6460	0.1781	-0.5538	-0.7410	0.3799	0.3774	0.1834	0.9077	(null)	(null)	(null)	(null)	(null)	(null)	(null)	2020-09-17	11:04:06.531	TTL1	APcoil	0.0000	(null)	(null)	(null)	(null)	(null)
Sample 94	Session imported from “Hotspot+Block1.txt”	94	PMCtargetrev	146.2506	208.5891	168.3456	-0.7422	0.6460	0.1781	-0.5538	-0.7410	0.3799	0.3774	0.1834	0.9077	(null)	(null)	(null)	(null)	(null)	(null)	(null)	2020-09-17	11:04:07.033	TTL1	APcoil	0.0000	(null)	(null)	(null)	(null)	(null)
Sample 95	Session imported from “Hotspot+Block1.txt”	95	PMCtargetrev	146.2506	208.5891	168.3456	-0.7422	0.6460	0.1781	-0.5538	-0.7410	0.3799	0.3774	0.1834	0.9077	(null)	(null)	(null)	(null)	(null)	(null)	(null)	2020-09-17	11:04:07.533	TTL1	APcoil	0.0000	(null)	(null)	(null)	(null)	(null)
Sample 96	Session imported from “Hotspot+Block1.txt”	96	PMCtargetrev	146.2506	208.5891	168.3456	-0.7422	0.6460	0.1781	-0.5538	-0.7410	0.3799	0.3774	0.1834	0.9077	(null)	(null)	(null)	(null)	(null)	(null)	(null)	2020-09-17	11:04:08.034	TTL1	APcoil	0.0000	(null)	(null)	(null)	(null)	(null)
Sample 97	Session imported from “Hotspot+Block1.txt”	97	PMCtargetrev	146.2506	208.5891	168.3456	-0.7422	0.6460	0.1781	-0.5538	-0.7410	0.3799	0.3774	0.1834	0.9077	(null)	(null)	(null)	(null)	(null)	(null)	(null)	2020-09-17	11:04:08.634	TTL1	APcoil	0.0000	(null)	(null)	(null)	(null)	(null)
Sample 98	Session imported from “Hotspot+Block1.txt”	98	PMCtargetrev	167.5906	134.2355	197.6365	-0.6354	0.7241	0.2682	-0.6680	-0.6897	0.2794	0.3873	-0.0016	0.9220	(null)	(null)	(null)	(null)	(null)	(null)	(null)	2020-09-17	11:12:01.343	TTL1	APcoil	0.0000	(null)	(null)	(null)	(null)	(null)
Sample 99	Session imported from “Hotspot+Block1.txt”	99	PMCtargetrev	167.6357	134.1960	197.6225	-0.6353	0.7242	0.2684	-0.6683	-0.6896	0.2790	0.3871	-0.0021	0.9220	(null)	(null)	(null)	(null)	(null)	(null)	(null)	2020-09-17	11:12:01.845	TTL1	APcoil	0.0000	(null)	(null)	(null)	(null)	(null)
Sample 100	Session imported from “Hotspot+Block1.txt”	100	PMCtargetrev	167.8536	134.3086	197.5549	-0.6353	0.7242	0.2682	-0.6687	-0.6896	0.2781	0.3864	-0.0026	0.9223	(null)	(null)	(null)	(null)	(null)	(null)	(null)	2020-09-17	11:12:02.347	TTL1	APcoil	0.0000	(null)	(null)	(null)	(null)	(null)
Sample 101	Session imported from “Hotspot+Block1.txt”	101	PMCtargetrev	167.9414	134.5258	197.5374	-0.6352	0.7238	0.2696	-0.6678	-0.6900	0.2792	0.3881	-0.0027	0.9216	(null)	(null)	(null)	(null)	(null)	(null)	(null)	2020-09-17	11:12:02.848	TTL1	APcoil	0.0000	(null)	(null)	(null)	(null)	(null)
Sample 102	Session imported from “Hotspot+Block1.txt”	102	PMCtargetrev	167.2893	134.2821	197.7354	-0.6345	0.7235	0.2718	-0.6669	-0.6903	0.2806	0.3907	-0.0032	0.9205	(null)	(null)	(null)	(null)	(null)	(null)	(null)	2020-09-17	11:12:03.446	TTL1	APcoil	0.0000	(null)	(null)	(null)	(null)	(null)
Sample 103	Session imported from “Hotspot+Block1.txt”	103	PMCtargetrev	167.2818	134.3437	197.7382	-0.6351	0.7231	0.2716	-0.6667	-0.6907	0.2800	0.3901	-0.0032	0.9208	(null)	(null)	(null)	(null)	(null)	(null)	(null)	2020-09-17	11:12:03.948	TTL1	APcoil	0.0000	(null)	(null)	(null)	(null)	(null)
Sample 104	Session imported from “Hotspot+Block1.txt”	104	PMCtargetrev	167.4904	134.7068	197.6807	-0.6359	0.7232	0.2695	-0.6665	-0.6906	0.2807	0.3891	-0.0011	0.9212	(null)	(null)	(null)	(null)	(null)	(null)	(null)	2020-09-17	11:12:04.548	TTL1	APcoil	0.0000	(null)	(null)	(null)	(null)	(null)
Sample 105	Session imported from “Hotspot+Block1.txt”	105	PMCtargetrev	167.3648	134.7207	197.7270	-0.6379	0.7213	0.2697	-0.6641	-0.6926	0.2816	0.3899	0.0005	0.9208	(null)	(null)	(null)	(null)	(null)	(null)	(null)	2020-09-17	11:12:05.147	TTL1	APcoil	0.0000	(null)	(null)	(null)	(null)	(null)
Sample 106	Session imported from “Hotspot+Block1.txt”	106	PMCtargetrev	166.9827	134.3290	197.8601	-0.6482	0.7075	0.2815	-0.6467	-0.7067	0.2871	0.4021	0.0041	0.9156	(null)	(null)	(null)	(null)	(null)	(null)	(null)	2020-09-17	11:12:15.247	TTL1	APcoil	0.0000	(null)	(null)	(null)	(null)	(null)
Sample 107	Session imported from “Hotspot+Block1.txt”	107	PMCtargetrev	167.0731	134.3349	197.8233	-0.6486	0.7075	0.2806	-0.6471	-0.7067	0.2861	0.4007	0.0040	0.9162	(null)	(null)	(null)	(null)	(null)	(null)	(null)	2020-09-17	11:12:15.748	TTL1	APcoil	0.0000	(null)	(null)	(null)	(null)	(null)
Sample 108	Session imported from “Hotspot+Block1.txt”	108	PMCtargetrev	167.0623	134.3689	197.8289	-0.6503	0.7061	0.2801	-0.6447	-0.7081	0.2881	0.4018	0.0068	0.9157	(null)	(null)	(null)	(null)	(null)	(null)	(null)	2020-09-17	11:12:16.250	TTL1	APcoil	0.0000	(null)	(null)	(null)	(null)	(null)
Sample 109	Session imported from “Hotspot+Block1.txt”	109	PMCtargetrev	167.2403	134.4123	197.7576	-0.6498	0.7064	0.2805	-0.6448	-0.7078	0.2887	0.4025	0.0067	0.9154	(null)	(null)	(null)	(null)	(null)	(null)	(null)	2020-09-17	11:12:16.849	TTL1	APcoil	0.0000	(null)	(null)	(null)	(null)	(null)
Sample 110	Session imported from “Hotspot+Block1.txt”	110	PMCtargetrev	167.2692	134.2933	197.7425	-0.6485	0.7072	0.2815	-0.6455	-0.7070	0.2890	0.4034	0.0057	0.9150	(null)	(null)	(null)	(null)	(null)	(null)	(null)	2020-09-17	11:12:17.448	TTL1	APcoil	0.0000	(null)	(null)	(null)	(null)	(null)
Sample 111	Session imported from “Hotspot+Block1.txt”	111	PMCtargetrev	167.1439	134.3396	197.7945	-0.6493	0.7057	0.2837	-0.6437	-0.7085	0.2891	0.4050	0.0051	0.9143	(null)	(null)	(null)	(null)	(null)	(null)	(null)	2020-09-17	11:12:17.949	TTL1	APcoil	0.0000	(null)	(null)	(null)	(null)	(null)
Sample 112	Session imported from “Hotspot+Block1.txt”	112	PMCtargetrev	167.3116	134.6257	197.7409	-0.6495	0.7058	0.2827	-0.6444	-0.7084	0.2880	0.4035	0.0049	0.9149	(null)	(null)	(null)	(null)	(null)	(null)	(null)	2020-09-17	11:12:18.548	TTL1	APcoil	0.0000	(null)	(null)	(null)	(null)	(null)
Sample 113	Session imported from “Hotspot+Block1.txt”	113	PMCtargetrev	167.2546	134.5887	197.7601	-0.6496	0.7058	0.2827	-0.6450	-0.7084	0.2866	0.4025	0.0038	0.9154	(null)	(null)	(null)	(null)	(null)	(null)	(null)	2020-09-17	11:12:19.050	TTL1	APcoil	0.0000	(null)	(null)	(null)	(null)	(null)
Sample 114	Session imported from “Hotspot+Block1.txt”	114	PMCtargetrev	167.1705	134.1604	197.7795	-0.6706	0.6907	0.2706	-0.6332	-0.7230	0.2763	0.3865	0.0140	0.9222	(null)	(null)	(null)	(null)	(null)	(null)	(null)	2020-09-17	11:15:05.866	TTL1	APcoil	0.0000	(null)	(null)	(null)	(null)	(null)
Sample 115	Session imported from “Hotspot+Block1.txt”	115	PMCtargetrev	167.1831	134.1231	197.7753	-0.6707	0.6903	0.2715	-0.6324	-0.7234	0.2771	0.3877	0.0142	0.9217	(null)	(null)	(null)	(null)	(null)	(null)	(null)	2020-09-17	11:15:06.368	TTL1	APcoil	0.0000	(null)	(null)	(null)	(null)	(null)
Sample 116	Session imported from “Hotspot+Block1.txt”	116	PMCtargetrev	167.3003	134.1748	197.7325	-0.6703	0.6904	0.2723	-0.6322	-0.7233	0.2778	0.3887	0.0141	0.9212	(null)	(null)	(null)	(null)	(null)	(null)	(null)	2020-09-17	11:15:06.869	TTL1	APcoil	0.0000	(null)	(null)	(null)	(null)	(null)
Sample 117	Session imported from “Hotspot+Block1.txt”	117	PMCtargetrev	167.3436	134.0603	197.7180	-0.6708	0.6895	0.2730	-0.6307	-0.7241	0.2790	0.3901	0.0150	0.9207	(null)	(null)	(null)	(null)	(null)	(null)	(null)	2020-09-17	11:15:07.468	TTL1	APcoil	0.0000	(null)	(null)	(null)	(null)	(null)
Sample 118	Session imported from “Hotspot+Block1.txt”	118	PMCtargetrev	167.4867	134.1645	197.6687	-0.6704	0.6896	0.2740	-0.6309	-0.7241	0.2787	0.3906	0.0140	0.9205	(null)	(null)	(null)	(null)	(null)	(null)	(null)	2020-09-17	11:15:07.969	TTL1	APcoil	0.0000	(null)	(null)	(null)	(null)	(null)
Sample 119	Session imported from “Hotspot+Block1.txt”	119	PMCtargetrev	167.6172	134.0218	197.6283	-0.6699	0.6890	0.2767	-0.6312	-0.7247	0.2764	0.3910	0.0105	0.9204	(null)	(null)	(null)	(null)	(null)	(null)	(null)	2020-09-17	11:15:08.568	TTL1	APcoil	0.0000	(null)	(null)	(null)	(null)	(null)
Sample 120	Session imported from “Hotspot+Block1.txt”	120	PMCtargetrev	167.1537	134.0239	197.7869	-0.6703	0.6878	0.2786	-0.6296	-0.7258	0.2772	0.3929	0.0104	0.9195	(null)	(null)	(null)	(null)	(null)	(null)	(null)	2020-09-17	11:15:09.167	TTL1	APcoil	0.0000	(null)	(null)	(null)	(null)	(null)
Sample 121	Session imported from “Hotspot+Block1.txt”	121	PMCtargetrev	166.9106	134.0659	197.8803	-0.6705	0.6879	0.2778	-0.6289	-0.7257	0.2791	0.3936	0.0125	0.9192	(null)	(null)	(null)	(null)	(null)	(null)	(null)	2020-09-17	11:15:09.669	TTL1	APcoil	0.0000	(null)	(null)	(null)	(null)	(null)
Sample 122	Session imported from “Hotspot+Block1.txt”	122	PMCtargetrev	167.2987	134.1649	197.7332	-0.6772	0.6807	0.2794	-0.6317	-0.7326	0.2537	0.3774	-0.0047	0.9261	(null)	(null)	(null)	(null)	(null)	(null)	(null)	2020-09-17	11:15:19.770	TTL1	APcoil	0.0000	(null)	(null)	(null)	(null)	(null)
Sample 123	Session imported from “Hotspot+Block1.txt”	123	PMCtargetrev	167.3106	134.2096	197.7284	-0.6771	0.6806	0.2797	-0.6315	-0.7326	0.2540	0.3778	-0.0046	0.9259	(null)	(null)	(null)	(null)	(null)	(null)	(null)	2020-09-17	11:15:20.271	TTL1	APcoil	0.0000	(null)	(null)	(null)	(null)	(null)
Sample 124	Session imported from “Hotspot+Block1.txt”	124	PMCtargetrev	167.3173	134.1765	197.7263	-0.6767	0.6798	0.2826	-0.6302	-0.7333	0.2550	0.3806	-0.0055	0.9247	(null)	(null)	(null)	(null)	(null)	(null)	(null)	2020-09-17	11:15:20.870	TTL1	APcoil	0.0000	(null)	(null)	(null)	(null)	(null)
Sample 125	Session imported from “Hotspot+Block1.txt”	125	PMCtargetrev	167.3224	134.0718	197.7255	-0.6761	0.6807	0.2822	-0.6303	-0.7326	0.2571	0.3817	-0.0040	0.9243	(null)	(null)	(null)	(null)	(null)	(null)	(null)	2020-09-17	11:15:21.470	TTL1	APcoil	0.0000	(null)	(null)	(null)	(null)	(null)
Sample 126	Session imported from “Hotspot+Block1.txt”	126	PMCtargetrev	167.3098	134.1766	197.7290	-0.6752	0.6807	0.2843	-0.6301	-0.7326	0.2576	0.3836	-0.0052	0.9235	(null)	(null)	(null)	(null)	(null)	(null)	(null)	2020-09-17	11:15:22.069	TTL1	APcoil	0.0000	(null)	(null)	(null)	(null)	(null)
Sample 127	Session imported from “Hotspot+Block1.txt”	127	PMCtargetrev	166.9555	134.1708	197.8656	-0.6746	0.6813	0.2840	-0.6302	-0.7320	0.2591	0.3844	-0.0042	0.9232	(null)	(null)	(null)	(null)	(null)	(null)	(null)	2020-09-17	11:15:22.571	TTL1	APcoil	0.0000	(null)	(null)	(null)	(null)	(null)
Sample 128	Session imported from “Hotspot+Block1.txt”	128	PMCtargetrev	167.0095	134.2243	197.8454	-0.6751	0.6811	0.2834	-0.6301	-0.7322	0.2587	0.3837	-0.0039	0.9235	(null)	(null)	(null)	(null)	(null)	(null)	(null)	2020-09-17	11:15:23.072	TTL1	APcoil	0.0000	(null)	(null)	(null)	(null)	(null)
Sample 129	Session imported from “Hotspot+Block1.txt”	129	PMCtargetrev	167.1040	134.3394	197.8108	-0.6752	0.6808	0.2838	-0.6300	-0.7324	0.2582	0.3837	-0.0045	0.9235	(null)	(null)	(null)	(null)	(null)	(null)	(null)	2020-09-17	11:15:23.670	TTL1	APcoil	0.0000	(null)	(null)	(null)	(null)	(null)
Sample 130	Session imported from “Hotspot+Block1.txt”	130	PMCtargetrev	167.2705	134.3748	197.7439	-0.6808	0.6760	0.2820	-0.6220	-0.7369	0.2648	0.3868	0.0049	0.9221	(null)	(null)	(null)	(null)	(null)	(null)	(null)	2020-09-17	11:15:33.673	TTL1	APcoil	0.0000	(null)	(null)	(null)	(null)	(null)
Sample 131	Session imported from “Hotspot+Block1.txt”	131	PMCtargetrev	167.3694	134.5619	197.7145	-0.6793	0.6783	0.2799	-0.6248	-0.7347	0.2642	0.3849	0.0046	0.9230	(null)	(null)	(null)	(null)	(null)	(null)	(null)	2020-09-17	11:15:34.272	TTL1	APcoil	0.0000	(null)	(null)	(null)	(null)	(null)
Sample 132	Session imported from “Hotspot+Block1.txt”	132	PMCtargetrev	167.2245	134.6283	197.7742	-0.6743	0.6849	0.2761	-0.6305	-0.7286	0.2677	0.3845	0.0064	0.9231	(null)	(null)	(null)	(null)	(null)	(null)	(null)	2020-09-17	11:15:34.773	TTL1	APcoil	0.0000	(null)	(null)	(null)	(null)	(null)
Sample 133	Session imported from “Hotspot+Block1.txt”	133	PMCtargetrev	167.1672	134.4313	197.7882	-0.6726	0.6862	0.2770	-0.6313	-0.7274	0.2691	0.3861	0.0061	0.9224	(null)	(null)	(null)	(null)	(null)	(null)	(null)	2020-09-17	11:15:35.371	TTL1	APcoil	0.0000	(null)	(null)	(null)	(null)	(null)
Sample 134	Session imported from “Hotspot+Block1.txt”	134	PMCtargetrev	167.2705	134.2948	197.7421	-0.6723	0.6867	0.2766	-0.6312	-0.7269	0.2704	0.3868	0.0072	0.9222	(null)	(null)	(null)	(null)	(null)	(null)	(null)	2020-09-17	11:15:35.873	TTL1	APcoil	0.0000	(null)	(null)	(null)	(null)	(null)
Sample 135	Session imported from “Hotspot+Block1.txt”	135	PMCtargetrev	166.8226	134.0802	197.9168	-0.6716	0.6872	0.2770	-0.6324	-0.7265	0.2689	0.3860	0.0054	0.9225	(null)	(null)	(null)	(null)	(null)	(null)	(null)	2020-09-17	11:15:36.472	TTL1	APcoil	0.0000	(null)	(null)	(null)	(null)	(null)
Sample 136	Session imported from “Hotspot+Block1.txt”	136	PMCtargetrev	166.6896	133.8445	197.9628	-0.6711	0.6876	0.2772	-0.6325	-0.7261	0.2697	0.3867	0.0057	0.9222	(null)	(null)	(null)	(null)	(null)	(null)	(null)	2020-09-17	11:15:37.072	TTL1	APcoil	0.0000	(null)	(null)	(null)	(null)	(null)
Sample 137	Session imported from “Hotspot+Block1.txt”	137	PMCtargetrev	166.8168	134.0613	197.9185	-0.6729	0.6858	0.2774	-0.6305	-0.7278	0.2697	0.3868	0.0066	0.9221	(null)	(null)	(null)	(null)	(null)	(null)	(null)	2020-09-17	11:15:37.573	TTL1	APcoil	0.0000	(null)	(null)	(null)	(null)	(null)
