# Version: 12
# Coordinate system: Brainsight
# Created by: Brainsight 2.5b3
# X=right->left, Y=anterior->posterior, Z=inferior->superior
# Units: millimetres, degrees, milliseconds, and microvolts
# Encoding: UTF-8
# Notes: Each column is delimited by a tab. Each value within a column is delimited by a semicolon.
# Sample Name	Session Name	Index	Assoc. Target	Loc. X	Loc. Y	Loc. Z	m0n0	m0n1	m0n2	m1n0	m1n1	m1n2	m2n0	m2n1	m2n2	Dist. to Target	Target Error	Angular Error	Twist Error	Stim. Power A	Stim. Pulse Interval	Stim. Power B	Date	Time	Creation Cause	Crosshairs Driver	Offset	Comment	EMG Channels	EMG Window Start	EMG Window End	EMG Peak-to-peak 1
Sample 1	Session imported from “Hotspot+Block1.txt”	q1	PMC	128.0000	128.0000	199.4639	1.0000	0.0000	0.0000	0.0000	1.0000	0.0000	0.0000	0.0000	1.0000	(null)	(null)	(null)	(null)	(null)	(null)	(null)	2020-10-30	10:24:50.369	TTL1	Pointer	0.0000	(null)	1	10.0000	90.0000	7.9945
Sample 2	Session imported from “Hotspot+Block1.txt”	2	PMC	176.6901	99.5380	171.8156	-0.6932	0.3864	0.6084	-0.5157	-0.8556	-0.0442	0.5035	-0.3444	0.7924	(null)	(null)	(null)	(null)	(null)	(null)	(null)	2020-10-30	10:25:59.581	TTL1	AP Coil	0.0000	(null)	1	10.0000	90.0000	11.4208
Sample 3	Session imported from “Hotspot+Block1.txt”	3	PMC	159.0776	92.9906	181.2367	-0.7314	0.4221	0.5357	-0.5020	-0.8649	-0.0039	0.4616	-0.2718	0.8444	(null)	(null)	(null)	(null)	(null)	(null)	(null)	2020-10-30	10:26:33.930	TTL1	AP Coil	0.0000	(null)	1	10.0000	90.0000	13.7049
Sample 4	Session imported from “Hotspot+Block1.txt”	4	PMC	169.0548	93.8150	175.3687	-0.7385	0.3869	0.5522	-0.4864	-0.8729	-0.0390	0.4669	-0.2974	0.8328	(null)	(null)	(null)	(null)	(null)	(null)	(null)	2020-10-30	10:26:42.707	TTL1	AP Coil	0.0000	(null)	1	10.0000	90.0000	12.5629
Sample 5	Session imported from “Hotspot+Block1.txt”	5	PMC	162.3566	82.3884	173.1667	-0.7429	0.4380	0.5062	-0.5218	-0.8526	-0.0280	0.4193	-0.2849	0.8620	(null)	(null)	(null)	(null)	(null)	(null)	(null)	2020-10-30	10:26:50.959	TTL1	AP Coil	0.0000	(null)	1	10.0000	90.0000	18.2732
Sample 6	Session imported from “Hotspot+Block1.txt”	6	PMC	176.2103	91.9639	168.5029	-0.7372	0.4195	0.5297	-0.5079	-0.8610	-0.0250	0.4456	-0.2874	0.8478	(null)	(null)	(null)	(null)	(null)	(null)	(null)	2020-10-30	10:26:58.428	TTL1	AP Coil	0.0000	(null)	1	10.0000	90.0000	15.9891
Sample 7	Session imported from “Hotspot+Block1.txt”	7	PMC	169.1493	96.7241	176.5667	-0.6789	0.5143	0.5241	-0.5915	-0.8059	0.0247	0.4351	-0.2932	0.8513	(null)	(null)	(null)	(null)	(null)	(null)	(null)	2020-10-30	10:27:14.049	TTL1	AP Coil	0.0000	(null)	1	10.0000	90.0000	11.4208
Sample 8	Session imported from “Hotspot+Block1.txt”	8	PMC	172.8176	99.7657	175.1321	-0.7536	0.3617	0.5489	-0.4661	-0.8828	-0.0582	0.4635	-0.2997	0.8339	(null)	(null)	(null)	(null)	(null)	(null)	(null)	2020-10-30	10:27:20.821	TTL1	AP Coil	0.0000	(null)	1	10.0000	90.0000	23.9836
Sample 9	Session imported from “Hotspot+Block1.txt”	9	Sample 8	180.8671	113.8197	171.9278	-0.7115	0.4652	0.5266	-0.5480	-0.8365	-0.0014	0.4399	-0.2896	0.8501	(null)	(null)	(null)	(null)	(null)	(null)	(null)	2020-10-30	10:27:43.650	TTL1	AP Coil	0.0000	(null)	1	10.0000	90.0000	52.5356
Sample 10	Session imported from “Hotspot+Block1.txt”	10	Sample 9	185.2188	123.1783	171.1298	-0.7694	0.3608	0.5272	-0.4444	-0.8951	-0.0359	0.4589	-0.2619	0.8490	(null)	(null)	(null)	(null)	(null)	(null)	(null)	2020-10-30	10:28:13.198	TTL1	AP Coil	0.0000	(null)	1	10.0000	90.0000	110.7816
Sample 11	Session imported from “Hotspot+Block1.txt”	11	Sample 9	188.5325	109.8987	161.1592	-0.7604	0.3750	0.5303	-0.4592	-0.8878	-0.0307	0.4593	-0.2669	0.8473	(null)	(null)	(null)	(null)	(null)	(null)	(null)	2020-10-30	10:28:19.608	TTL1	AP Coil	0.0000	(null)	1	10.0000	90.0000	9.1366
Sample 12	Session imported from “Hotspot+Block1.txt”	12	Sample 9	176.8759	102.3938	172.7174	-0.6677	0.4891	0.5613	-0.5862	-0.8101	0.0086	0.4589	-0.3233	0.8276	(null)	(null)	(null)	(null)	(null)	(null)	(null)	2020-10-30	10:28:33.684	TTL1	AP Coil	0.0000	(null)	1	10.0000	90.0000	11.4208
Sample 13	Session imported from “Hotspot+Block1.txt”	13	Sample 9	172.6294	122.0617	182.0859	-0.6328	0.5461	0.5489	-0.6228	-0.7802	0.0582	0.4601	-0.3050	0.8339	(null)	(null)	(null)	(null)	(null)	(null)	(null)	2020-10-30	10:28:42.337	TTL1	AP Coil	0.0000	(null)	1	10.0000	90.0000	19.4153
Sample 14	Session imported from “Hotspot+Block1.txt”	14	Sample 9	180.7268	127.3181	176.9276	-0.6594	0.4989	0.5624	-0.5790	-0.8142	0.0434	0.4795	-0.2970	0.8257	(null)	(null)	(null)	(null)	(null)	(null)	(null)	2020-10-30	10:28:59.425	TTL1	AP Coil	0.0000	(null)	1	10.0000	90.0000	86.7979
Sample 15	Session imported from “Hotspot+Block1.txt”	15	Sample 9	187.5786	126.3613	169.7432	-0.6945	0.4472	0.5636	-0.5344	-0.8451	0.0120	0.4817	-0.2928	0.8260	(null)	(null)	(null)	(null)	(null)	(null)	(null)	2020-10-30	10:29:04.220	TTL1	AP Coil	0.0000	(null)	1	10.0000	90.0000	39.9727
Sample 16	Session imported from “Hotspot+Block1.txt”	16	Sample 9	181.4491	113.4393	171.1962	-0.7169	0.4242	0.5532	-0.5136	-0.8580	-0.0076	0.4714	-0.2896	0.8330	(null)	(null)	(null)	(null)	(null)	(null)	(null)	2020-10-30	10:29:09.781	TTL1	AP Coil	0.0000	(null)	1	10.0000	90.0000	53.6777
Sample 17	Session imported from “Hotspot+Block1.txt”	17	Sample 9	172.3412	100.9982	175.9287	-0.6058	0.5948	0.5284	-0.6578	-0.7480	0.0878	0.4475	-0.2944	0.8444	(null)	(null)	(null)	(null)	(null)	(null)	(null)	2020-10-30	10:29:26.156	TTL1	AP Coil	0.0000	(null)	1	10.0000	90.0000	26.2678
Sample 18	Session imported from “Hotspot+Block1.txt”	18	Sample 9	182.4395	98.8082	164.4919	-0.6457	0.4492	0.6175	-0.5813	-0.8135	-0.0161	0.4951	-0.3694	0.7864	(null)	(null)	(null)	(null)	(null)	(null)	(null)	2020-10-30	10:29:32.259	TTL1	AP Coil	0.0000	(null)	1	10.0000	90.0000	11.4208
Sample 19	Session imported from “Hotspot+Block1.txt”	19	Sample 9	173.8230	123.5226	181.6239	-0.5872	0.6320	0.5058	-0.6735	-0.7280	0.1278	0.4490	-0.2656	0.8531	(null)	(null)	(null)	(null)	(null)	(null)	(null)	2020-10-30	10:29:46.706	TTL1	AP Coil	0.0000	(null)	1	10.0000	90.0000	175.8800
Sample 20	Session imported from “Hotspot+Block1.txt”	20	Sample 19	181.4420	133.8631	178.7823	-0.6348	0.5442	0.5485	-0.5978	-0.7957	0.0976	0.4896	-0.2659	0.8304	(null)	(null)	(null)	(null)	(null)	(null)	(null)	2020-10-30	10:30:11.223	TTL1	AP Coil	0.0000	(null)	1	10.0000	90.0000	53.6777
Sample 21	Session imported from “Hotspot+Block1.txt”	21	Sample 19	184.3938	127.0423	173.4630	-0.6674	0.5014	0.5506	-0.5672	-0.8214	0.0605	0.4826	-0.2719	0.8326	(null)	(null)	(null)	(null)	(null)	(null)	(null)	2020-10-30	10:30:17.285	TTL1	AP Coil	0.0000	(null)	1	10.0000	90.0000	49.1093
Sample 22	Session imported from “Hotspot+Block1.txt”	22	Sample 19	183.6567	116.9929	170.1906	-0.6929	0.4779	0.5399	-0.5470	-0.8363	0.0383	0.4698	-0.2688	0.8409	(null)	(null)	(null)	(null)	(null)	(null)	(null)	2020-10-30	10:30:25.493	TTL1	AP Coil	0.0000	(null)	1	10.0000	90.0000	50.2514
Sample 23	Session imported from “Hotspot+Block1.txt”	23	Sample 19	181.2079	131.6781	178.1761	-0.5716	0.6448	0.5075	-0.6852	-0.7153	0.1370	0.4514	-0.2694	0.8507	(null)	(null)	(null)	(null)	(null)	(null)	(null)	2020-10-30	10:30:46.353	TTL1	AP Coil	0.0000	(null)	1	10.0000	90.0000	7.9945
Sample 24	Session imported from “Hotspot+Block1.txt”	24	Sample 19	185.5751	124.6492	171.2846	-0.5993	0.5547	0.5772	-0.6452	-0.7615	0.0619	0.4739	-0.3353	0.8143	(null)	(null)	(null)	(null)	(null)	(null)	(null)	2020-10-30	10:30:53.949	TTL1	AP Coil	0.0000	(null)	1	10.0000	90.0000	6.8525
Sample 25	Session imported from “Hotspot+Block1.txt”	25	Sample 19	182.4938	115.7207	170.9240	-0.6251	0.5449	0.5589	-0.6370	-0.7699	0.0382	0.4511	-0.3321	0.8284	(null)	(null)	(null)	(null)	(null)	(null)	(null)	2020-10-30	10:30:59.456	TTL1	AP Coil	0.0000	(null)	1	10.0000	90.0000	9.1366
Sample 26	Session imported from “Hotspot+Block1.txt”	26	Sample 19	174.4507	123.0332	180.9695	-0.6000	0.6299	0.4932	-0.6519	-0.7423	0.1550	0.4637	-0.2285	0.8560	(null)	(null)	(null)	(null)	(null)	(null)	(null)	2020-10-30	10:31:13.337	TTL1	AP Coil	0.0000	(null)	1	10.0000	90.0000	90.2242
Sample 27	Session imported from “Hotspot+Block1.txt”	27	Sample 19	174.1587	109.3536	177.2304	-0.6204	0.6026	0.5019	-0.6398	-0.7590	0.1205	0.4536	-0.2464	0.8565	(null)	(null)	(null)	(null)	(null)	(null)	(null)	2020-10-30	10:31:21.683	TTL1	AP Coil	0.0000	(null)	1	10.0000	90.0000	10.2787
Sample 28	Session imported from “Hotspot+Block1.txt”	28	Sample 19	165.6332	111.7619	183.7731	-0.6066	0.6214	0.4958	-0.6563	-0.7434	0.1288	0.4486	-0.2473	0.8588	(null)	(null)	(null)	(null)	(null)	(null)	(null)	2020-10-30	10:31:26.491	TTL1	AP Coil	0.0000	(null)	1	10.0000	90.0000	18.2732
Sample 29	Session imported from “Hotspot+Block1.txt”	29	Sample 19	162.4407	124.2086	188.8632	-0.5949	0.6480	0.4757	-0.6735	-0.7248	0.1451	0.4388	-0.2341	0.8676	(null)	(null)	(null)	(null)	(null)	(null)	(null)	2020-10-30	10:31:31.982	TTL1	AP Coil	0.0000	(null)	1	10.0000	90.0000	11.4208
Sample 30	Session imported from “Hotspot+Block1.txt”	30	Sample 19	165.2976	133.9937	189.7159	-0.5956	0.6559	0.4637	-0.6697	-0.7242	0.1641	0.4435	-0.2128	0.8706	(null)	(null)	(null)	(null)	(null)	(null)	(null)	2020-10-30	10:31:38.154	TTL1	AP Coil	0.0000	(null)	1	10.0000	90.0000	7.9945
Sample 31	Session imported from “Hotspot+Block1.txt”	31	Sample 19	176.0060	139.2594	184.3371	-0.6034	0.6466	0.4668	-0.6547	-0.7358	0.1730	0.4553	-0.2012	0.8673	(null)	(null)	(null)	(null)	(null)	(null)	(null)	2020-10-30	10:31:43.213	TTL1	AP Coil	0.0000	(null)	1	10.0000	90.0000	9.1366
Sample 32	Session imported from “Hotspot+Block1.txt”	32	Sample 19	174.2207	123.0351	181.1643	-0.5409	0.6589	0.5228	-0.7006	-0.6969	0.1534	0.4654	-0.2833	0.8385	(null)	(null)	(null)	(null)	(null)	(null)	(null)	2020-10-30	10:31:59.326	TTL1	AP Coil	0.0000	(null)	1	10.0000	90.0000	6.8525
Sample 33	Session imported from “Hotspot+Block1.txt”	33	Sample 19	179.6131	129.8859	178.7529	-0.5788	0.6376	0.5084	-0.6817	-0.7205	0.1275	0.4476	-0.2728	0.8516	(null)	(null)	(null)	(null)	(null)	(null)	(null)	2020-10-30	10:32:06.771	TTL1	AP Coil	0.0000	(null)	1	10.0000	90.0000	7.9945
Sample 34	Session imported from “Hotspot+Block1.txt”	34	Sample 19	179.9146	117.9839	174.5505	-0.6013	0.5960	0.5322	-0.6419	-0.7570	0.1225	0.4759	-0.2679	0.8377	(null)	(null)	(null)	(null)	(null)	(null)	(null)	2020-10-30	10:32:15.204	TTL1	AP Coil	0.0000	(null)	1	10.0000	90.0000	19.4153
Sample 35	Session imported from “Hotspot+Block1.txt”	35	Sample 19	169.1415	116.1480	182.7927	-0.6079	0.6083	0.5102	-0.6494	-0.7507	0.1213	0.4568	-0.2576	0.8514	(null)	(null)	(null)	(null)	(null)	(null)	(null)	2020-10-30	10:32:22.784	TTL1	AP Coil	0.0000	(null)	1	10.0000	90.0000	36.5465
Sample 36	Session imported from “Hotspot+Block1.txt”	36	Sample 19	169.5453	128.1265	185.6486	-0.6156	0.6107	0.4980	-0.6383	-0.7571	0.1394	0.4622	-0.2321	0.8559	(null)	(null)	(null)	(null)	(null)	(null)	(null)	2020-10-30	10:32:29.585	TTL1	AP Coil	0.0000	(null)	1	10.0000	90.0000	31.9782
Sample 37	Session imported from “Hotspot+Block1.txt”	37	Sample 19	173.9368	123.3361	181.4775	-0.5687	0.6765	0.4679	-0.6865	-0.7037	0.1830	0.4530	-0.2172	0.8646	(null)	(null)	(null)	(null)	(null)	(null)	(null)	2020-10-30	10:32:50.103	TTL1	AP Coil	0.0000	(null)	1	10.0000	90.0000	68.5247
Sample 38	Session imported from “Hotspot+Block1.txt”	38	Sample 19	178.4085	128.2874	179.1694	-0.5911	0.6541	0.4720	-0.6639	-0.7268	0.1758	0.4581	-0.2094	0.8639	(null)	(null)	(null)	(null)	(null)	(null)	(null)	2020-10-30	10:32:55.453	TTL1	AP Coil	0.0000	(null)	1	10.0000	90.0000	9.1366
Sample 39	Session imported from “Hotspot+Block1.txt”	39	Sample 19	179.8465	123.8809	176.5035	-0.6004	0.6256	0.4982	-0.6479	-0.7457	0.1556	0.4688	-0.2293	0.8530	(null)	(null)	(null)	(null)	(null)	(null)	(null)	2020-10-30	10:33:00.691	TTL1	AP Coil	0.0000	(null)	1	10.0000	90.0000	41.1148
Sample 40	Session imported from “Hotspot+Block1.txt”	40	Sample 19	178.5514	119.3382	176.1557	-0.6145	0.5979	0.5146	-0.6200	-0.7694	0.1536	0.4878	-0.2247	0.8435	(null)	(null)	(null)	(null)	(null)	(null)	(null)	2020-10-30	10:33:06.338	TTL1	AP Coil	0.0000	(null)	1	10.0000	90.0000	42.2569
Sample 41	Session imported from “Hotspot+Block1.txt”	41	Sample 19	177.6839	128.6658	179.9026	-0.5948	0.6351	0.4928	-0.6483	-0.7414	0.1730	0.4753	-0.2166	0.8528	(null)	(null)	(null)	(null)	(null)	(null)	(null)	2020-10-30	10:33:25.645	TTL1	AP Coil	0.0000	(null)	1	10.0000	90.0000	126.7706
Sample 42	Session imported from “Hotspot+Block1.txt”	42	Sample 19	180.1701	123.9243	176.2481	-0.6194	0.5871	0.5213	-0.6022	-0.7812	0.1643	0.5037	-0.2122	0.8374	(null)	(null)	(null)	(null)	(null)	(null)	(null)	2020-10-30	10:33:31.724	TTL1	AP Coil	0.0000	(null)	1	10.0000	90.0000	26.2678
Sample 43	Session imported from “Hotspot+Block1.txt”	43	Sample 19	178.1894	119.5724	176.5541	-0.6300	0.5809	0.5153	-0.5940	-0.7880	0.1621	0.5002	-0.2040	0.8415	(null)	(null)	(null)	(null)	(null)	(null)	(null)	2020-10-30	10:33:38.916	TTL1	AP Coil	0.0000	(null)	1	10.0000	90.0000	53.6777
Sample 44	Session imported from “Hotspot+Block1.txt”	44	Sample 19	174.4112	116.9954	179.2844	-0.6271	0.5956	0.5021	-0.5938	-0.7826	0.1867	0.5041	-0.1811	0.8444	(null)	(null)	(null)	(null)	(null)	(null)	(null)	2020-10-30	10:33:44.182	TTL1	AP Coil	0.0000	(null)	1	10.0000	90.0000	75.3771
Sample 45	Session imported from “Hotspot+Block1.txt”	45	Sample 19	171.2474	117.9134	181.8988	-0.6329	0.5888	0.5028	-0.5854	-0.7889	0.1870	0.5068	-0.1759	0.8439	(null)	(null)	(null)	(null)	(null)	(null)	(null)	2020-10-30	10:33:48.448	TTL1	AP Coil	0.0000	(null)	1	10.0000	90.0000	43.3990
Sample 46	Session imported from “Hotspot+Block1.txt”	46	Sample 19	168.2616	123.2975	185.2105	-0.6708	0.5482	0.4994	-0.5699	-0.8120	0.1259	0.4746	-0.2002	0.8572	(null)	(null)	(null)	(null)	(null)	(null)	(null)	2020-10-30	10:33:55.586	TTL1	AP Coil	0.0000	(null)	1	10.0000	90.0000	38.8307
Sample 47	Session imported from “Hotspot+Block1.txt”	47	Sample 19	174.4098	123.3285	181.0834	-0.6332	0.5934	0.4969	-0.6230	-0.7717	0.1277	0.4593	-0.2287	0.8584	(null)	(null)	(null)	(null)	(null)	(null)	(null)	2020-10-30	10:34:14.039	TTL1	AP Coil	0.0000	(null)	1	10.0000	90.0000	25.1257
Sample 48	Session imported from “Hotspot+Block1.txt”	48	Sample 19	178.0871	128.6887	179.5694	-0.6335	0.6009	0.4873	-0.6106	-0.7752	0.1622	0.4752	-0.1948	0.8580	(null)	(null)	(null)	(null)	(null)	(null)	(null)	2020-10-30	10:34:24.006	TTL1	AP Coil	0.0000	(null)	1	10.0000	90.0000	13.7049
Sample 49	Session imported from “Hotspot+Block1.txt”	49	Sample 19	178.3404	119.4146	176.3683	-0.6428	0.5819	0.4982	-0.5972	-0.7880	0.1498	0.4797	-0.2012	0.8540	(null)	(null)	(null)	(null)	(null)	(null)	(null)	2020-10-30	10:34:29.079	TTL1	AP Coil	0.0000	(null)	1	10.0000	90.0000	69.6667
Sample 50	Session imported from “Hotspot+Block1.txt”	50	Sample 19	174.8807	114.8584	178.2684	-0.6076	0.5989	0.5216	-0.6249	-0.7659	0.1514	0.4902	-0.2340	0.8396	(null)	(null)	(null)	(null)	(null)	(null)	(null)	2020-10-30	10:34:42.810	TTL1	AP Coil	0.0000	(null)	1	10.0000	90.0000	20.5574
Sample 51	Session imported from “Hotspot+Block1.txt”	51	Sample 19	170.4885	117.7999	182.3975	-0.6208	0.5954	0.5099	-0.6136	-0.7739	0.1566	0.4879	-0.2157	0.8458	(null)	(null)	(null)	(null)	(null)	(null)	(null)	2020-10-30	10:34:49.193	TTL1	AP Coil	0.0000	(null)	1	10.0000	90.0000	23.9836
Sample 52	Session imported from “Hotspot+Block1.txt”	52	Sample 19	168.2237	123.7915	185.3331	-0.6185	0.6094	0.4960	-0.6221	-0.7654	0.1646	0.4800	-0.2068	0.8526	(null)	(null)	(null)	(null)	(null)	(null)	(null)	2020-10-30	10:34:54.794	TTL1	AP Coil	0.0000	(null)	1	10.0000	90.0000	9.1366
Sample 53	Session imported from “Hotspot+Block1.txt”	53	Sample 19	174.2042	123.0361	181.1785	-0.6031	0.6223	0.4990	-0.6367	-0.7524	0.1687	0.4804	-0.2160	0.8500	(null)	(null)	(null)	(null)	(null)	(null)	(null)	2020-10-30	10:35:26.957	TTL1	AP Coil	0.0000	(null)	1	10.0000	90.0000	15.9891
Sample 54	Session imported from “Hotspot+Block1.txt”	54	Sample 19	177.8329	128.4068	179.6909	-0.6102	0.6211	0.4918	-0.6226	-0.7599	0.1872	0.4900	-0.1920	0.8503	(null)	(null)	(null)	(null)	(null)	(null)	(null)	2020-10-30	10:35:31.014	TTL1	AP Coil	0.0000	(null)	1	10.0000	90.0000	9.1366
Sample 55	Session imported from “Hotspot+Block1.txt”	55	Sample 19	180.2697	125.4948	176.6900	-0.6215	0.5971	0.5070	-0.6010	-0.7786	0.1803	0.5025	-0.1927	0.8429	(null)	(null)	(null)	(null)	(null)	(null)	(null)	2020-10-30	10:35:36.311	TTL1	AP Coil	0.0000	(null)	1	10.0000	90.0000	7.9945
Sample 56	Session imported from “Hotspot+Block1.txt”	56	Sample 19	178.6697	119.4348	176.0716	-0.6268	0.5847	0.5151	-0.5820	-0.7908	0.1894	0.5181	-0.1811	0.8360	(null)	(null)	(null)	(null)	(null)	(null)	(null)	2020-10-30	10:35:41.050	TTL1	AP Coil	0.0000	(null)	1	10.0000	90.0000	7.9945
Sample 57	Session imported from “Hotspot+Block1.txt”	57	Sample 19	174.5714	115.7001	178.7733	-0.6214	0.5955	0.5091	-0.5907	-0.7830	0.1950	0.5147	-0.1796	0.8383	(null)	(null)	(null)	(null)	(null)	(null)	(null)	2020-10-30	10:35:45.386	TTL1	AP Coil	0.0000	(null)	1	10.0000	90.0000	11.4208
Sample 58	Session imported from “Hotspot+Block1.txt”	58	Sample 19	170.2180	117.5459	182.5119	-0.6217	0.5988	0.5050	-0.5949	-0.7803	0.1929	0.5095	-0.1805	0.8413	(null)	(null)	(null)	(null)	(null)	(null)	(null)	2020-10-30	10:35:50.122	TTL1	AP Coil	0.0000	(null)	1	10.0000	90.0000	10.2787
Sample 59	Session imported from “Hotspot+Block1.txt”	59	Sample 19	174.2745	123.7233	181.3084	-0.6173	0.6059	0.5018	-0.6386	-0.7584	0.1302	0.4595	-0.2401	0.8551	(null)	(null)	(null)	(null)	(null)	(null)	(null)	2020-10-30	10:36:14.487	TTL1	AP Coil	0.0000	(null)	1	10.0000	90.0000	14.8470
Sample 60	Session imported from “Hotspot+Block1.txt”	60	Sample 19	178.6107	119.3626	176.1079	-0.6532	0.5751	0.4924	-0.6057	-0.7872	0.1159	0.4543	-0.2226	0.8626	(null)	(null)	(null)	(null)	(null)	(null)	(null)	2020-10-30	10:36:19.480	TTL1	AP Coil	0.0000	(null)	1	10.0000	90.0000	7.9945
Sample 61	Session imported from “Hotspot+Block1.txt”	61	Sample 19	173.7925	114.1869	178.9482	-0.6535	0.5782	0.4885	-0.6036	-0.7875	0.1246	0.4567	-0.2135	0.8636	(null)	(null)	(null)	(null)	(null)	(null)	(null)	2020-10-30	10:36:24.316	TTL1	AP Coil	0.0000	(null)	1	10.0000	90.0000	18.2732
Sample 62	Session imported from “Hotspot+Block1.txt”	62	Sample 19	168.3901	115.5330	183.0944	-0.6495	0.5911	0.4783	-0.6132	-0.7791	0.1302	0.4496	-0.2087	0.8685	(null)	(null)	(null)	(null)	(null)	(null)	(null)	2020-10-30	10:36:29.571	TTL1	AP Coil	0.0000	(null)	1	10.0000	90.0000	9.1366
Sample 63	Session imported from “Hotspot+Block1.txt”	63	Sample 19	167.3288	122.2180	185.5451	-0.6479	0.6061	0.4614	-0.6213	-0.7709	0.1402	0.4407	-0.1958	0.8760	(null)	(null)	(null)	(null)	(null)	(null)	(null)	2020-10-30	10:36:34.604	TTL1	AP Coil	0.0000	(null)	1	10.0000	90.0000	9.1366
Sample 64	Session imported from “Hotspot+Block1.txt”	64	Sample 19	174.2737	123.2151	181.1637	-0.6387	0.5689	0.5181	-0.6163	-0.7814	0.0982	0.4607	-0.2566	0.8497	(null)	(null)	(null)	(null)	(null)	(null)	(null)	2020-10-30	10:36:56.782	TTL1	AP Coil	0.0000	(null)	1	10.0000	90.0000	30.8361
Sample 65	Session imported from “Hotspot+Block1.txt”	65	Sample 19	177.1493	128.1185	180.1713	-0.6462	0.5679	0.5098	-0.6083	-0.7867	0.1053	0.4609	-0.2421	0.8538	(null)	(null)	(null)	(null)	(null)	(null)	(null)	2020-10-30	10:37:00.544	TTL1	AP Coil	0.0000	(null)	1	10.0000	90.0000	13.7049
Sample 66	Session imported from “Hotspot+Block1.txt”	66	Sample 19	177.7866	119.9328	177.0479	-0.6574	0.5480	0.5173	-0.5838	-0.8044	0.1102	0.4765	-0.2295	0.8487	(null)	(null)	(null)	(null)	(null)	(null)	(null)	2020-10-30	10:37:04.713	TTL1	AP Coil	0.0000	(null)	1	10.0000	90.0000	34.2623
Sample 67	Session imported from “Hotspot+Block1.txt”	67	Sample 66	171.7763	119.7041	181.9805	-0.6718	0.5614	0.4832	-0.5942	-0.7979	0.1009	0.4422	-0.2193	0.8697	(null)	(null)	(null)	(null)	(null)	(null)	(null)	2020-10-30	10:37:17.984	TTL1	AP Coil	0.0000	(null)	1	10.0000	90.0000	51.3935
Sample 68	Session imported from “Hotspot+Block1.txt”	68	Sample 66	178.0766	119.7282	176.7042	-0.6549	0.5419	0.5268	-0.5673	-0.8130	0.1311	0.4993	-0.2130	0.8398	(null)	(null)	(null)	(null)	(null)	(null)	(null)	2020-10-30	10:38:52.789	TTL1	AP Coil	0.0000	(null)	1	10.0000	90.0000	137.0493
Sample 69	Session imported from “Hotspot+Block1.txt”	69	Sample 66	178.2214	119.8829	176.6166	-0.6751	0.5304	0.5128	-0.5630	-0.8195	0.1064	0.4767	-0.2169	0.8519	(null)	(null)	(null)	(null)	(null)	(null)	(null)	2020-10-30	10:39:28.355	TTL1	AP Coil	0.0000	(null)	1	10.0000	90.0000	11.4208
Sample 70	Session imported from “Hotspot+Block1.txt”	70	Sample 66	178.0221	119.9070	176.8115	-0.6711	0.5381	0.5100	-0.5654	-0.8164	0.1174	0.4795	-0.2096	0.8521	(null)	(null)	(null)	(null)	(null)	(null)	(null)	2020-10-30	10:39:42.030	TTL1	AP Coil	0.0000	(null)	1	10.0000	90.0000	15.9891
Sample 71	Session imported from “Hotspot+Block1.txt”	71	Sample 66	177.8886	119.6369	176.8540	-0.6674	0.5339	0.5192	-0.5630	-0.8181	0.1176	0.4875	-0.2138	0.8465	(null)	(null)	(null)	(null)	(null)	(null)	(null)	2020-10-30	10:39:53.085	TTL1	AP Coil	0.0000	(null)	1	10.0000	90.0000	18.2732
Sample 72	Session imported from “Hotspot+Block1.txt”	72	Sample 66	177.7889	119.6093	176.9418	-0.6495	0.5645	0.5094	-0.5894	-0.7970	0.1317	0.4803	-0.2147	0.8504	(null)	(null)	(null)	(null)	(null)	(null)	(null)	2020-10-30	10:40:07.250	TTL1	AP Coil	0.0000	(null)	1	10.0000	90.0000	43.3990
Sample 73	Session imported from “Hotspot+Block1.txt”	73	Sample 66	178.3575	119.7143	176.4412	-0.6713	0.5445	0.5029	-0.5663	-0.8145	0.1259	0.4782	-0.2003	0.8551	(null)	(null)	(null)	(null)	(null)	(null)	(null)	2020-10-30	10:40:24.439	TTL1	AP Coil	0.0000	(null)	1	10.0000	90.0000	7.9945
Sample 74	Session imported from “Hotspot+Block1.txt”	74	Sample 66	178.0683	119.9792	176.7899	-0.6690	0.5336	0.5175	-0.5593	-0.8199	0.1223	0.4895	-0.2076	0.8469	(null)	(null)	(null)	(null)	(null)	(null)	(null)	2020-10-30	10:40:51.315	TTL1	AP Coil	0.0000	(null)	1	10.0000	90.0000	82.2296
Sample 75	Session imported from “Hotspot+Block1.txt”	75	Sample 66	178.1904	119.7498	176.6057	-0.6818	0.5193	0.5152	-0.5469	-0.8296	0.1125	0.4858	-0.2051	0.8496	(null)	(null)	(null)	(null)	(null)	(null)	(null)	2020-10-30	10:41:08.294	TTL1	AP Coil	0.0000	(null)	1	10.0000	90.0000	50.2514
Sample 76	Session imported from “Hotspot+Block1.txt”	76	Sample 66	178.2440	119.3813	176.4472	-0.6682	0.5322	0.5199	-0.5603	-0.8197	0.1189	0.4894	-0.2119	0.8459	(null)	(null)	(null)	(null)	(null)	(null)	(null)	2020-10-30	10:41:24.981	TTL1	AP Coil	0.0000	(null)	1	10.0000	90.0000	7.9945
Sample 77	Session imported from “Hotspot+Block1.txt”	77	Sample 66	178.0841	119.7825	176.7133	-0.6734	0.5396	0.5053	-0.5624	-0.8176	0.1235	0.4798	-0.2010	0.8541	(null)	(null)	(null)	(null)	(null)	(null)	(null)	2020-10-30	10:41:34.614	TTL1	AP Coil	0.0000	(null)	1	10.0000	90.0000	33.1203
Sample 78	Session imported from “Hotspot+Block1.txt”	78	Sample 66	178.1206	119.6606	176.6436	-0.6678	0.5314	0.5212	-0.5568	-0.8214	0.1241	0.4940	-0.2073	0.8444	(null)	(null)	(null)	(null)	(null)	(null)	(null)	2020-10-30	10:41:43.635	TTL1	AP Coil	0.0000	(null)	1	10.0000	90.0000	15.9891
Sample 79	Session imported from “Hotspot+Block1.txt”	79	Sample 66	178.3856	119.9706	176.4912	-0.6766	0.5167	0.5246	-0.5428	-0.8314	0.1188	0.4976	-0.2044	0.8430	(null)	(null)	(null)	(null)	(null)	(null)	(null)	2020-10-30	10:42:05.425	TTL1	AP Coil	0.0000	(null)	1	10.0000	90.0000	44.5410
Sample 80	Session imported from “Hotspot+Block1.txt”	80	Sample 66	178.4633	119.6682	176.3300	-0.6842	0.5213	0.5100	-0.5407	-0.8319	0.1250	0.4894	-0.1902	0.8510	(null)	(null)	(null)	(null)	(null)	(null)	(null)	2020-10-30	10:42:29.136	TTL1	AP Coil	0.0000	(null)	1	10.0000	90.0000	34.2623
Sample 81	Session imported from “Hotspot+Block1.txt”	81	Sample 66	178.2584	119.3447	176.4232	-0.6983	0.4891	0.5227	-0.5178	-0.8493	0.1029	0.4942	-0.1988	0.8463	(null)	(null)	(null)	(null)	(null)	(null)	(null)	2020-10-30	10:42:52.670	TTL1	AP Coil	0.0000	(null)	1	10.0000	90.0000	31.9782
Sample 82	Session imported from “Hotspot+Block1.txt”	82	Sample 66	178.3970	119.9218	176.4663	-0.6680	0.5452	0.5066	-0.5579	-0.8173	0.1439	0.4925	-0.1865	0.8501	(null)	(null)	(null)	(null)	(null)	(null)	(null)	2020-10-30	10:43:09.021	TTL1	AP Coil	0.0000	(null)	1	10.0000	90.0000	12.5629
Sample 83	Session imported from “Hotspot+Block1.txt”	83	Sample 66	178.2195	120.1430	176.6959	-0.6846	0.5155	0.5153	-0.5454	-0.8313	0.1071	0.4836	-0.2077	0.8503	(null)	(null)	(null)	(null)	(null)	(null)	(null)	2020-10-30	10:44:09.612	TTL1	AP Coil	0.0000	(null)	1	10.0000	90.0000	145.0439
Sample 84	Session imported from “Hotspot+Block1.txt”	84	Sample 66	177.8417	120.1881	177.0766	-0.6768	0.5411	0.4992	-0.5699	-0.8143	0.1100	0.4660	-0.2101	0.8595	(null)	(null)	(null)	(null)	(null)	(null)	(null)	2020-10-30	10:44:22.679	TTL1	AP Coil	0.0000	(null)	1	10.0000	90.0000	53.6777
Sample 85	Session imported from “Hotspot+Block1.txt”	85	Sample 66	177.9660	119.3503	176.6943	-0.6772	0.5359	0.5042	-0.5625	-0.8188	0.1148	0.4744	-0.2059	0.8559	(null)	(null)	(null)	(null)	(null)	(null)	(null)	2020-10-30	10:44:30.750	TTL1	AP Coil	0.0000	(null)	1	10.0000	90.0000	87.9400
Sample 86	Session imported from “Hotspot+Block1.txt”	86	Sample 66	177.9770	119.8583	176.8395	-0.6795	0.5263	0.5112	-0.5529	-0.8253	0.1148	0.4823	-0.2046	0.8518	(null)	(null)	(null)	(null)	(null)	(null)	(null)	2020-10-30	10:44:38.653	TTL1	AP Coil	0.0000	(null)	1	10.0000	90.0000	108.4974
Sample 87	Session imported from “Hotspot+Block1.txt”	87	Sample 66	178.0710	119.8509	176.7460	-0.6688	0.5428	0.5081	-0.5659	-0.8148	0.1256	0.4822	-0.2035	0.8521	(null)	(null)	(null)	(null)	(null)	(null)	(null)	2020-10-30	10:44:49.472	TTL1	AP Coil	0.0000	(null)	1	10.0000	90.0000	43.3990
Sample 88	Session imported from “Hotspot+Block1.txt”	88	Sample 66	177.7709	119.9639	177.0732	-0.6624	0.5435	0.5155	-0.5663	-0.8138	0.1304	0.4904	-0.2056	0.8469	(null)	(null)	(null)	(null)	(null)	(null)	(null)	2020-10-30	10:44:56.512	TTL1	AP Coil	0.0000	(null)	1	10.0000	90.0000	46.8252
Sample 89	Session imported from “Hotspot+Block1.txt”	89	Sample 66	177.8107	119.4559	176.8713	-0.6577	0.5491	0.5156	-0.5717	-0.8096	0.1330	0.4905	-0.2073	0.8464	(null)	(null)	(null)	(null)	(null)	(null)	(null)	2020-10-30	10:45:12.082	TTL1	AP Coil	0.0000	(null)	1	10.0000	90.0000	130.1969
Sample 90	Session imported from “Hotspot+Block1.txt”	90	Sample 66	177.9060	119.6544	176.8428	-0.6722	0.5324	0.5145	-0.5605	-0.8199	0.1161	0.4837	-0.2103	0.8496	(null)	(null)	(null)	(null)	(null)	(null)	(null)	2020-10-30	10:45:23.361	TTL1	AP Coil	0.0000	(null)	1	10.0000	90.0000	65.0984
Sample 91	Session imported from “Hotspot+Block1.txt”	91	Sample 66	177.6768	119.4878	177.0113	-0.6647	0.5385	0.5178	-0.5567	-0.8193	0.1374	0.4982	-0.1969	0.8444	(null)	(null)	(null)	(null)	(null)	(null)	(null)	2020-10-30	10:45:34.766	TTL1	AP Coil	0.0000	(null)	1	10.0000	90.0000	42.2569
Sample 92	Session imported from “Hotspot+Block1.txt”	92	Sample 66	178.3539	120.1303	176.5677	-0.6805	0.5222	0.5139	-0.5455	-0.8294	0.1205	0.4892	-0.1983	0.8493	(null)	(null)	(null)	(null)	(null)	(null)	(null)	2020-10-30	10:45:57.977	TTL1	AP Coil	0.0000	(null)	1	10.0000	90.0000	63.9564
Sample 93	Session imported from “Hotspot+Block1.txt”	93	Sample 66	177.6638	119.5681	177.0498	-0.6780	0.5231	0.5164	-0.5504	-0.8269	0.1150	0.4872	-0.2063	0.8486	(null)	(null)	(null)	(null)	(null)	(null)	(null)	2020-10-30	10:46:13.547	TTL1	AP Coil	0.0000	(null)	1	10.0000	90.0000	102.7870
Sample 94	Session imported from “Hotspot+Block1.txt”	94	Sample 66	178.2093	119.7568	176.5904	-0.6772	0.5283	0.5122	-0.5549	-0.8238	0.1160	0.4832	-0.2057	0.8510	(null)	(null)	(null)	(null)	(null)	(null)	(null)	2020-10-30	10:46:21.452	TTL1	AP Coil	0.0000	(null)	1	10.0000	90.0000	38.8307
Sample 95	Session imported from “Hotspot+Block1.txt”	95	Sample 66	178.1940	119.6592	176.5756	-0.6601	0.5412	0.5208	-0.5662	-0.8142	0.1285	0.4936	-0.2100	0.8439	(null)	(null)	(null)	(null)	(null)	(null)	(null)	2020-10-30	10:46:46.911	TTL1	AP Coil	0.0000	(null)	1	10.0000	90.0000	78.8034
Sample 96	Session imported from “Hotspot+Block1.txt”	96	Sample 66	178.3594	119.6240	176.4128	-0.6643	0.5508	0.5053	-0.5703	-0.8105	0.1337	0.4832	-0.1994	0.8525	(null)	(null)	(null)	(null)	(null)	(null)	(null)	2020-10-30	10:47:10.041	TTL1	AP Coil	0.0000	(null)	1	10.0000	90.0000	49.1093
Sample 97	Session imported from “Hotspot+Block1.txt”	97	Sample 66	198.0430	158.2041	161.7013	0.6280	0.1806	0.7569	-0.3325	-0.8172	0.4709	0.7036	-0.5474	-0.4531	(null)	(null)	(null)	(null)	(null)	(null)	(null)	2020-10-30	10:52:08.769	TTL1	Pointer	0.0000	(null)	1	10.0000	90.0000	21.6995
Sample 98	Session imported from “Hotspot+Block1.txt”	98	Sample 66	198.0430	158.2041	161.7013	0.6280	0.1806	0.7569	-0.3325	-0.8172	0.4709	0.7036	-0.5474	-0.4531	(null)	(null)	(null)	(null)	(null)	(null)	(null)	2020-10-30	10:52:08.866	TTL1	Pointer	0.0000	(null)	1	10.0000	90.0000	14.8470
Sample 99	Session imported from “Hotspot+Block1.txt”	99	Sample 66	198.0430	158.2041	161.7013	0.6280	0.1806	0.7569	-0.3325	-0.8172	0.4709	0.7036	-0.5474	-0.4531	(null)	(null)	(null)	(null)	(null)	(null)	(null)	2020-10-30	10:52:08.963	TTL1	Pointer	0.0000	(null)	1	10.0000	90.0000	20.5574
Sample 100	Session imported from “Hotspot+Block1.txt”	100	Sample 66	198.0430	158.2041	161.7013	0.6280	0.1806	0.7569	-0.3325	-0.8172	0.4709	0.7036	-0.5474	-0.4531	(null)	(null)	(null)	(null)	(null)	(null)	(null)	2020-10-30	10:52:09.061	TTL1	Pointer	0.0000	(null)	1	10.0000	90.0000	25.1257
Sample 101	Session imported from “Hotspot+Block1.txt”	101	Sample 66	198.0430	158.2041	161.7013	0.6280	0.1806	0.7569	-0.3325	-0.8172	0.4709	0.7036	-0.5474	-0.4531	(null)	(null)	(null)	(null)	(null)	(null)	(null)	2020-10-30	10:52:09.172	TTL1	Pointer	0.0000	(null)	1	10.0000	90.0000	21.6995
Sample 102	Session imported from “Hotspot+Block1.txt”	102	Sample 66	198.0430	158.2041	161.7013	0.6280	0.1806	0.7569	-0.3325	-0.8172	0.4709	0.7036	-0.5474	-0.4531	(null)	(null)	(null)	(null)	(null)	(null)	(null)	2020-10-30	10:52:09.270	TTL1	Pointer	0.0000	(null)	1	10.0000	90.0000	17.1312
Sample 103	Session imported from “Hotspot+Block1.txt”	103	Sample 66	198.0430	158.2041	161.7013	0.6280	0.1806	0.7569	-0.3325	-0.8172	0.4709	0.7036	-0.5474	-0.4531	(null)	(null)	(null)	(null)	(null)	(null)	(null)	2020-10-30	10:52:09.367	TTL1	Pointer	0.0000	(null)	1	10.0000	90.0000	21.6995
Sample 104	Session imported from “Hotspot+Block1.txt”	104	Sample 66	198.0430	158.2041	161.7013	0.6280	0.1806	0.7569	-0.3325	-0.8172	0.4709	0.7036	-0.5474	-0.4531	(null)	(null)	(null)	(null)	(null)	(null)	(null)	2020-10-30	10:52:09.464	TTL1	Pointer	0.0000	(null)	1	10.0000	90.0000	19.4153
Sample 105	Session imported from “Hotspot+Block1.txt”	105	Sample 66	198.0430	158.2041	161.7013	0.6280	0.1806	0.7569	-0.3325	-0.8172	0.4709	0.7036	-0.5474	-0.4531	(null)	(null)	(null)	(null)	(null)	(null)	(null)	2020-10-30	10:52:09.562	TTL1	Pointer	0.0000	(null)	1	10.0000	90.0000	22.8416
Sample 106	Session imported from “Hotspot+Block1.txt”	106	Sample 66	198.0430	158.2041	161.7013	0.6280	0.1806	0.7569	-0.3325	-0.8172	0.4709	0.7036	-0.5474	-0.4531	(null)	(null)	(null)	(null)	(null)	(null)	(null)	2020-10-30	10:52:09.673	TTL1	Pointer	0.0000	(null)	1	10.0000	90.0000	21.6995
Sample 107	Session imported from “Hotspot+Block1.txt”	107	Sample 66	198.0430	158.2041	161.7013	0.6280	0.1806	0.7569	-0.3325	-0.8172	0.4709	0.7036	-0.5474	-0.4531	(null)	(null)	(null)	(null)	(null)	(null)	(null)	2020-10-30	10:52:09.771	TTL1	Pointer	0.0000	(null)	1	10.0000	90.0000	19.4153
Sample 108	Session imported from “Hotspot+Block1.txt”	108	Sample 66	198.0430	158.2041	161.7013	0.6280	0.1806	0.7569	-0.3325	-0.8172	0.4709	0.7036	-0.5474	-0.4531	(null)	(null)	(null)	(null)	(null)	(null)	(null)	2020-10-30	10:52:09.869	TTL1	Pointer	0.0000	(null)	1	10.0000	90.0000	25.1257
Sample 109	Session imported from “Hotspot+Block1.txt”	109	Sample 66	198.0430	158.2041	161.7013	0.6280	0.1806	0.7569	-0.3325	-0.8172	0.4709	0.7036	-0.5474	-0.4531	(null)	(null)	(null)	(null)	(null)	(null)	(null)	2020-10-30	10:52:09.966	TTL1	Pointer	0.0000	(null)	1	10.0000	90.0000	21.6995
Sample 110	Session imported from “Hotspot+Block1.txt”	110	Sample 66	198.0430	158.2041	161.7013	0.6280	0.1806	0.7569	-0.3325	-0.8172	0.4709	0.7036	-0.5474	-0.4531	(null)	(null)	(null)	(null)	(null)	(null)	(null)	2020-10-30	10:52:10.064	TTL1	Pointer	0.0000	(null)	1	10.0000	90.0000	15.9891
Sample 111	Session imported from “Hotspot+Block1.txt”	111	Sample 66	198.0430	158.2041	161.7013	0.6280	0.1806	0.7569	-0.3325	-0.8172	0.4709	0.7036	-0.5474	-0.4531	(null)	(null)	(null)	(null)	(null)	(null)	(null)	2020-10-30	10:52:10.161	TTL1	Pointer	0.0000	(null)	1	10.0000	90.0000	17.1312
Sample 112	Session imported from “Hotspot+Block1.txt”	112	PMCtarget_1.5mm	182.5452	122.4206	173.6004	-0.7005	0.0581	0.7113	-0.2221	-0.9649	-0.1400	0.6782	-0.2561	0.6888	(null)	(null)	(null)	(null)	(null)	(null)	(null)	2020-10-30	11:08:38.324	TTL1	AP Coil	0.0000	(null)	1	10.0000	90.0000	6.8525
Sample 113	Session imported from “Hotspot+Block1.txt”	113	PMCtarget_1.5mm	182.5452	122.4206	173.6004	-0.7005	0.0581	0.7113	-0.2221	-0.9649	-0.1400	0.6782	-0.2561	0.6888	(null)	(null)	(null)	(null)	(null)	(null)	(null)	2020-10-30	11:08:38.421	TTL1	AP Coil	0.0000	(null)	1	10.0000	90.0000	5.7104
Sample 114	Session imported from “Hotspot+Block1.txt”	114	PMCtarget_1.5mm	182.5440	122.1630	173.5134	-0.6998	0.0589	0.7119	-0.2215	-0.9654	-0.1378	0.6791	-0.2541	0.6886	(null)	(null)	(null)	(null)	(null)	(null)	(null)	2020-10-30	11:08:38.519	TTL1	AP Coil	0.0000	(null)	1	10.0000	90.0000	6.8525
Sample 115	Session imported from “Hotspot+Block1.txt”	115	PMCtarget_1.5mm	182.5440	122.1630	173.5134	-0.6998	0.0589	0.7119	-0.2215	-0.9654	-0.1378	0.6791	-0.2541	0.6886	(null)	(null)	(null)	(null)	(null)	(null)	(null)	2020-10-30	11:08:38.630	TTL1	AP Coil	0.0000	(null)	1	10.0000	90.0000	12.5629
Sample 116	Session imported from “Hotspot+Block1.txt”	116	PMCtarget_1.5mm	182.5440	122.1630	173.5134	-0.6998	0.0589	0.7119	-0.2215	-0.9654	-0.1378	0.6791	-0.2541	0.6886	(null)	(null)	(null)	(null)	(null)	(null)	(null)	2020-10-30	11:08:38.728	TTL1	AP Coil	0.0000	(null)	1	10.0000	90.0000	6.8525
Sample 117	Session imported from “Hotspot+Block1.txt”	117	PMCtarget_1.5mm	182.5440	122.1630	173.5134	-0.6998	0.0589	0.7119	-0.2215	-0.9654	-0.1378	0.6791	-0.2541	0.6886	(null)	(null)	(null)	(null)	(null)	(null)	(null)	2020-10-30	11:08:38.825	TTL1	AP Coil	0.0000	(null)	1	10.0000	90.0000	7.9945
Sample 118	Session imported from “Hotspot+Block1.txt”	118	PMCtarget_1.5mm	182.4790	122.1913	173.5801	-0.7001	0.0592	0.7116	-0.2225	-0.9650	-0.1387	0.6785	-0.2554	0.6888	(null)	(null)	(null)	(null)	(null)	(null)	(null)	2020-10-30	11:08:38.922	TTL1	AP Coil	0.0000	(null)	1	10.0000	90.0000	5.7104
Sample 119	Session imported from “Hotspot+Block1.txt”	119	PMCtarget_1.5mm	182.4790	122.1913	173.5801	-0.7001	0.0592	0.7116	-0.2225	-0.9650	-0.1387	0.6785	-0.2554	0.6888	(null)	(null)	(null)	(null)	(null)	(null)	(null)	2020-10-30	11:08:39.020	TTL1	AP Coil	0.0000	(null)	1	10.0000	90.0000	6.8525
Sample 120	Session imported from “Hotspot+Block1.txt”	120	PMCtarget_1.5mm	182.4790	122.1913	173.5801	-0.7001	0.0592	0.7116	-0.2225	-0.9650	-0.1387	0.6785	-0.2554	0.6888	(null)	(null)	(null)	(null)	(null)	(null)	(null)	2020-10-30	11:08:39.131	TTL1	AP Coil	0.0000	(null)	1	10.0000	90.0000	5.7104
Sample 121	Session imported from “Hotspot+Block1.txt”	121	PMCtarget_1.5mm	182.4790	122.1913	173.5801	-0.7001	0.0592	0.7116	-0.2225	-0.9650	-0.1387	0.6785	-0.2554	0.6888	(null)	(null)	(null)	(null)	(null)	(null)	(null)	2020-10-30	11:08:39.229	TTL1	AP Coil	0.0000	(null)	1	10.0000	90.0000	5.7104
Sample 122	Session imported from “Hotspot+Block1.txt”	122	PMCtarget_1.5mm	182.4790	122.1913	173.5801	-0.7001	0.0592	0.7116	-0.2225	-0.9650	-0.1387	0.6785	-0.2554	0.6888	(null)	(null)	(null)	(null)	(null)	(null)	(null)	2020-10-30	11:08:39.327	TTL1	AP Coil	0.0000	(null)	1	10.0000	90.0000	5.7104
Sample 123	Session imported from “Hotspot+Block1.txt”	123	PMCtarget_1.5mm	182.7687	122.1407	173.3087	-0.7009	0.0579	0.7109	-0.2223	-0.9648	-0.1406	0.6777	-0.2566	0.6891	(null)	(null)	(null)	(null)	(null)	(null)	(null)	2020-10-30	11:08:39.424	TTL1	AP Coil	0.0000	(null)	1	10.0000	90.0000	6.8525
Sample 124	Session imported from “Hotspot+Block1.txt”	124	PMCtarget_1.5mm	182.7687	122.1407	173.3087	-0.7009	0.0579	0.7109	-0.2223	-0.9648	-0.1406	0.6777	-0.2566	0.6891	(null)	(null)	(null)	(null)	(null)	(null)	(null)	2020-10-30	11:08:39.522	TTL1	AP Coil	0.0000	(null)	1	10.0000	90.0000	6.8525
Sample 125	Session imported from “Hotspot+Block1.txt”	125	PMCtarget_1.5mm	182.7687	122.1407	173.3087	-0.7009	0.0579	0.7109	-0.2223	-0.9648	-0.1406	0.6777	-0.2566	0.6891	(null)	(null)	(null)	(null)	(null)	(null)	(null)	2020-10-30	11:08:39.619	TTL1	AP Coil	0.0000	(null)	1	10.0000	90.0000	5.7104
Sample 126	Session imported from “Hotspot+Block1.txt”	126	PMCtarget_1.5mm	182.7687	122.1407	173.3087	-0.7009	0.0579	0.7109	-0.2223	-0.9648	-0.1406	0.6777	-0.2566	0.6891	(null)	(null)	(null)	(null)	(null)	(null)	(null)	2020-10-30	11:08:39.731	TTL1	AP Coil	0.0000	(null)	1	10.0000	90.0000	7.9945
Sample 127	Session imported from “Hotspot+Block1.txt”	127	PMCtarget_1.5mm	182.7687	122.1407	173.3087	-0.7009	0.0579	0.7109	-0.2223	-0.9648	-0.1406	0.6777	-0.2566	0.6891	(null)	(null)	(null)	(null)	(null)	(null)	(null)	2020-10-30	11:08:39.828	TTL1	AP Coil	0.0000	(null)	1	10.0000	90.0000	7.9945
Sample 128	Session imported from “Hotspot+Block1.txt”	128	PMCtarget_1.5mm	182.7687	122.1407	173.3087	-0.7009	0.0579	0.7109	-0.2223	-0.9648	-0.1406	0.6777	-0.2566	0.6891	(null)	(null)	(null)	(null)	(null)	(null)	(null)	2020-10-30	11:08:39.926	TTL1	AP Coil	0.0000	(null)	1	10.0000	90.0000	4.5683
Sample 129	Session imported from “Hotspot+Block1.txt”	129	PMCtarget_1.5mm	182.7662	122.1819	173.3250	-0.7013	0.0572	0.7106	-0.2220	-0.9647	-0.1414	0.6774	-0.2569	0.6893	(null)	(null)	(null)	(null)	(null)	(null)	(null)	2020-10-30	11:08:40.024	TTL1	AP Coil	0.0000	(null)	1	10.0000	90.0000	5.7104
Sample 130	Session imported from “Hotspot+Block1.txt”	130	PMCtarget_1.5mm	182.7662	122.1819	173.3250	-0.7013	0.0572	0.7106	-0.2220	-0.9647	-0.1414	0.6774	-0.2569	0.6893	(null)	(null)	(null)	(null)	(null)	(null)	(null)	2020-10-30	11:08:40.121	TTL1	AP Coil	0.0000	(null)	1	10.0000	90.0000	10.2787
Sample 131	Session imported from “Hotspot+Block1.txt”	131	PMCtarget_1.5mm	182.7662	122.1819	173.3250	-0.7013	0.0572	0.7106	-0.2220	-0.9647	-0.1414	0.6774	-0.2569	0.6893	(null)	(null)	(null)	(null)	(null)	(null)	(null)	2020-10-30	11:08:40.218	TTL1	AP Coil	0.0000	(null)	1	10.0000	90.0000	6.8525
Sample 132	Session imported from “Hotspot+Block1.txt”	132	PMCtarget_1.5mm	182.7662	122.1819	173.3250	-0.7013	0.0572	0.7106	-0.2220	-0.9647	-0.1414	0.6774	-0.2569	0.6893	(null)	(null)	(null)	(null)	(null)	(null)	(null)	2020-10-30	11:08:40.330	TTL1	AP Coil	0.0000	(null)	1	10.0000	90.0000	7.9945
Sample 133	Session imported from “Hotspot+Block1.txt”	133	PMCtarget_1.5mm	182.7662	122.1819	173.3250	-0.7013	0.0572	0.7106	-0.2220	-0.9647	-0.1414	0.6774	-0.2569	0.6893	(null)	(null)	(null)	(null)	(null)	(null)	(null)	2020-10-30	11:08:40.427	TTL1	AP Coil	0.0000	(null)	1	10.0000	90.0000	6.8525
Sample 134	Session imported from “Hotspot+Block1.txt”	134	PMCtarget_1.5mm	182.7662	122.1819	173.3250	-0.7013	0.0572	0.7106	-0.2220	-0.9647	-0.1414	0.6774	-0.2569	0.6893	(null)	(null)	(null)	(null)	(null)	(null)	(null)	2020-10-30	11:08:40.525	TTL1	AP Coil	0.0000	(null)	1	10.0000	90.0000	7.9945
Sample 135	Session imported from “Hotspot+Block1.txt”	135	PMCtarget_1.5mm	182.7662	122.1819	173.3250	-0.7013	0.0572	0.7106	-0.2220	-0.9647	-0.1414	0.6774	-0.2569	0.6893	(null)	(null)	(null)	(null)	(null)	(null)	(null)	2020-10-30	11:08:40.623	TTL1	AP Coil	0.0000	(null)	1	10.0000	90.0000	5.7104
Sample 136	Session imported from “Hotspot+Block1.txt”	136	PMCtarget_1.5mm	183.0755	122.5236	173.1704	-0.7006	0.0588	0.7112	-0.2246	-0.9641	-0.1416	0.6773	-0.2589	0.6886	(null)	(null)	(null)	(null)	(null)	(null)	(null)	2020-10-30	11:08:40.720	TTL1	AP Coil	0.0000	(null)	1	10.0000	90.0000	6.8525
Sample 137	Session imported from “Hotspot+Block1.txt”	137	PMCtarget_1.5mm	183.0755	122.5236	173.1704	-0.7006	0.0588	0.7112	-0.2246	-0.9641	-0.1416	0.6773	-0.2589	0.6886	(null)	(null)	(null)	(null)	(null)	(null)	(null)	2020-10-30	11:08:40.832	TTL1	AP Coil	0.0000	(null)	1	10.0000	90.0000	6.8525
