# Version: 12
# Coordinate system: Brainsight
# Created by: Brainsight 2.5b3
# X=right->left, Y=anterior->posterior, Z=inferior->superior
# Units: millimetres, degrees, milliseconds, and microvolts
# Encoding: UTF-8
# Notes: Each column is delimited by a tab. Each value within a column is delimited by a semicolon.
# Sample Name	Session Name	Index	Assoc. Target	Loc. X	Loc. Y	Loc. Z	m0n0	m0n1	m0n2	m1n0	m1n1	m1n2	m2n0	m2n1	m2n2	Dist. to Target	Target Error	Angular Error	Twist Error	Stim. Power A	Stim. Pulse Interval	Stim. Power B	Date	Time	Creation Cause	Crosshairs Driver	Offset	Comment	EMG Channels	EMG Window Start	EMG Window End	EMG Peak-to-peak 1
Sample 1	Session imported from “Hotspot+Block1.txt”	1	PSC	128.0000	128.0000	207.9386	1.0000	0.0000	0.0000	0.0000	1.0000	0.0000	0.0000	0.0000	1.0000	(null)	(null)	(null)	(null)	(null)	(null)	(null)	2020-11-02	11:07:06.449	TTL1	AP Coil	0.0000	(null)	1	10.0000	90.0000	5.7104
Sample 2	Session imported from “Hotspot+Block1.txt”	2	PSC	177.6259	132.8904	193.5672	-0.6494	0.6578	0.3816	-0.5466	-0.7526	0.3672	0.5287	0.0299	0.8483	(null)	(null)	(null)	(null)	(null)	(null)	(null)	2020-11-02	11:08:54.638	TTL1	AP Coil	0.0000	(null)	1	10.0000	90.0000	12.5629
Sample 3	Session imported from “Hotspot+Block1.txt”	3	PSC	186.1317	133.7771	187.9890	-0.7131	0.5903	0.3781	-0.4545	-0.8000	0.3918	0.5338	0.1075	0.8388	(null)	(null)	(null)	(null)	(null)	(null)	(null)	2020-11-02	11:09:23.192	TTL1	AP Coil	0.0000	(null)	1	10.0000	90.0000	6.8525
Sample 4	Session imported from “Hotspot+Block1.txt”	4	PSC	177.7537	123.5822	193.3525	-0.7292	0.5580	0.3960	-0.4160	-0.8210	0.3910	0.5433	0.1204	0.8308	(null)	(null)	(null)	(null)	(null)	(null)	(null)	2020-11-02	11:09:35.140	TTL1	AP Coil	0.0000	(null)	1	10.0000	90.0000	6.8525
Sample 5	Session imported from “Hotspot+Block1.txt”	5	PSC	187.6941	131.0224	187.0124	-0.7478	0.5049	0.4310	-0.3735	-0.8567	0.3557	0.5489	0.1050	0.8293	(null)	(null)	(null)	(null)	(null)	(null)	(null)	2020-11-02	11:10:01.253	TTL1	AP Coil	0.0000	(null)	1	10.0000	90.0000	6.8525
Sample 6	Session imported from “Hotspot+Block1.txt”	6	PSC	179.1482	125.3537	192.6444	-0.7451	0.5396	0.3920	-0.4260	-0.8373	0.3429	0.5132	0.0885	0.8537	(null)	(null)	(null)	(null)	(null)	(null)	(null)	2020-11-02	11:10:10.041	TTL1	AP Coil	0.0000	(null)	1	10.0000	90.0000	6.8525
Sample 7	Session imported from “Hotspot+Block1.txt”	7	PSC	187.0831	128.3129	187.5064	-0.7015	0.5850	0.4070	-0.4540	-0.8071	0.3776	0.5494	0.0801	0.8317	(null)	(null)	(null)	(null)	(null)	(null)	(null)	2020-11-02	11:10:22.530	TTL1	AP Coil	0.0000	(null)	1	10.0000	90.0000	5.7104
Sample 8	Session imported from “Hotspot+Block1.txt”	8	PSC	166.0662	125.5847	199.9631	-0.7646	0.5972	0.2424	-0.5358	-0.7979	0.2761	0.3583	0.0812	0.9301	(null)	(null)	(null)	(null)	(null)	(null)	(null)	2020-11-02	11:10:49.147	TTL1	AP Coil	0.0000	(null)	1	10.0000	90.0000	7.9945
Sample 9	Session imported from “Hotspot+Block1.txt”	9	PSC	167.8239	115.0176	197.9852	-0.7725	0.5745	0.2705	-0.5116	-0.8154	0.2709	0.3762	0.0709	0.9238	(null)	(null)	(null)	(null)	(null)	(null)	(null)	2020-11-02	11:10:57.241	TTL1	AP Coil	0.0000	(null)	1	10.0000	90.0000	7.9945
Sample 10	Session imported from “Hotspot+Block1.txt”	10	PSC	178.4066	121.1989	192.7160	-0.7822	0.5503	0.2922	-0.4726	-0.8296	0.2973	0.4060	0.0945	0.9090	(null)	(null)	(null)	(null)	(null)	(null)	(null)	2020-11-02	11:11:05.306	TTL1	AP Coil	0.0000	(null)	1	10.0000	90.0000	6.8525
Sample 11	Session imported from “Hotspot+Block1.txt”	11	PSC	171.7257	109.8840	195.1782	-0.7874	0.5155	0.3380	-0.4679	-0.8568	0.2167	0.4013	0.0124	0.9159	(null)	(null)	(null)	(null)	(null)	(null)	(null)	2020-11-02	11:11:15.252	TTL1	AP Coil	0.0000	(null)	1	10.0000	90.0000	9.1366
Sample 12	Session imported from “Hotspot+Block1.txt”	12	PSC	183.1039	121.4566	189.8961	-0.7005	0.6741	0.2344	-0.5877	-0.7312	0.3465	0.4049	0.1050	0.9083	(null)	(null)	(null)	(null)	(null)	(null)	(null)	2020-11-02	11:11:46.887	TTL1	AP Coil	0.0000	(null)	1	10.0000	90.0000	6.8525
Sample 13	Session imported from “Hotspot+Block1.txt”	13	PSC	177.7433	107.9774	191.0525	-0.7357	0.6312	0.2457	-0.5546	-0.7696	0.3164	0.3888	0.0965	0.9163	(null)	(null)	(null)	(null)	(null)	(null)	(null)	2020-11-02	11:11:57.027	TTL1	AP Coil	0.0000	(null)	1	10.0000	90.0000	7.9945
Sample 14	Session imported from “Hotspot+Block1.txt”	14	PSC	167.4255	112.7541	197.7711	-0.7750	0.5905	0.2252	-0.5048	-0.7928	0.3416	0.3802	0.1511	0.9125	(null)	(null)	(null)	(null)	(null)	(null)	(null)	2020-11-02	11:12:07.836	TTL1	AP Coil	0.0000	(null)	1	10.0000	90.0000	6.8525
Sample 15	Session imported from “Hotspot+Block1.txt”	15	PSC	178.1195	133.5665	193.1786	-0.7726	0.5590	0.3009	-0.4437	-0.8145	0.3739	0.4541	0.1554	0.8773	(null)	(null)	(null)	(null)	(null)	(null)	(null)	2020-11-02	11:12:22.024	TTL1	AP Coil	0.0000	(null)	1	10.0000	90.0000	7.9945
Sample 16	Session imported from “Hotspot+Block1.txt”	16	PSC	167.8182	125.8236	199.2915	-0.7411	0.6275	0.2389	-0.5165	-0.7601	0.3944	0.4290	0.1689	0.8874	(null)	(null)	(null)	(null)	(null)	(null)	(null)	2020-11-02	11:12:42.829	TTL1	AP Coil	0.0000	(null)	1	10.0000	90.0000	15.9891
Sample 17	Session imported from “Hotspot+Block1.txt”	17	PSC	173.2334	121.2188	196.0912	-0.7616	0.5913	0.2654	-0.4733	-0.7871	0.3954	0.4427	0.1755	0.8793	(null)	(null)	(null)	(null)	(null)	(null)	(null)	2020-11-02	11:12:50.013	TTL1	AP Coil	0.0000	(null)	1	10.0000	90.0000	13.7049
Sample 18	Session imported from “Hotspot+Block1.txt”	18	PSC	186.1587	126.6187	188.2661	-0.7303	0.6210	0.2846	-0.4908	-0.7668	0.4136	0.4751	0.1624	0.8648	(null)	(null)	(null)	(null)	(null)	(null)	(null)	2020-11-02	11:12:56.600	TTL1	AP Coil	0.0000	(null)	1	10.0000	90.0000	6.8525
Sample 19	Session imported from “Hotspot+Block1.txt”	19	PSC	184.9154	143.1416	187.8213	-0.7033	0.6598	0.2646	-0.5213	-0.7317	0.4391	0.4834	0.1709	0.8586	(null)	(null)	(null)	(null)	(null)	(null)	(null)	2020-11-02	11:13:02.867	TTL1	AP Coil	0.0000	(null)	1	10.0000	90.0000	73.0930
Sample 20	Session imported from “Hotspot+Block1.txt”	20	Sample 19	192.4275	154.2363	180.1661	-0.7081	0.6643	0.2394	-0.5088	-0.7151	0.4794	0.4897	0.2177	0.8443	(null)	(null)	(null)	(null)	(null)	(null)	(null)	2020-11-02	11:13:29.764	TTL1	AP Coil	0.0000	(null)	1	10.0000	90.0000	6.8525
Sample 21	Session imported from “Hotspot+Block1.txt”	21	Sample 19	197.1647	144.4214	175.4133	-0.7216	0.6375	0.2699	-0.4855	-0.7439	0.4592	0.4936	0.2004	0.8463	(null)	(null)	(null)	(null)	(null)	(null)	(null)	2020-11-02	11:13:35.363	TTL1	AP Coil	0.0000	(null)	1	10.0000	90.0000	7.9945
Sample 22	Session imported from “Hotspot+Block1.txt”	22	Sample 19	194.6152	132.8066	179.9796	-0.7250	0.6304	0.2776	-0.4784	-0.7508	0.4555	0.4955	0.1974	0.8459	(null)	(null)	(null)	(null)	(null)	(null)	(null)	2020-11-02	11:13:45.921	TTL1	AP Coil	0.0000	(null)	1	10.0000	90.0000	6.8525
Sample 23	Session imported from “Hotspot+Block1.txt”	23	Sample 19	187.5121	127.6008	187.2289	-0.7300	0.6280	0.2695	-0.4797	-0.7518	0.4524	0.4867	0.2010	0.8501	(null)	(null)	(null)	(null)	(null)	(null)	(null)	2020-11-02	11:13:53.175	TTL1	AP Coil	0.0000	(null)	1	10.0000	90.0000	6.8525
Sample 24	Session imported from “Hotspot+Block1.txt”	24	Sample 19	177.3432	131.9169	193.8286	-0.7154	0.6605	0.2281	-0.5082	-0.7158	0.4789	0.4796	0.2267	0.8477	(null)	(null)	(null)	(null)	(null)	(null)	(null)	2020-11-02	11:14:03.161	TTL1	AP Coil	0.0000	(null)	1	10.0000	90.0000	6.8525
Sample 25	Session imported from “Hotspot+Block1.txt”	25	Sample 19	172.4017	145.9413	196.2317	-0.7140	0.6698	0.2041	-0.5239	-0.7044	0.4789	0.4645	0.2350	0.8538	(null)	(null)	(null)	(null)	(null)	(null)	(null)	2020-11-02	11:14:09.902	TTL1	AP Coil	0.0000	(null)	1	10.0000	90.0000	45.6831
Sample 26	Session imported from “Hotspot+Block1.txt”	26	Sample 25	180.2348	159.4125	189.1191	-0.7482	0.6414	0.1695	-0.4936	-0.7089	0.5037	0.4433	0.2932	0.8471	(null)	(null)	(null)	(null)	(null)	(null)	(null)	2020-11-02	11:14:41.418	TTL1	AP Coil	0.0000	(null)	1	10.0000	90.0000	722.9353
Sample 27	Session imported from “Hotspot+Block1.txt”	27	Sample 25	185.7553	148.0602	186.5080	-0.7777	0.5968	0.1975	-0.4337	-0.7368	0.5186	0.4550	0.3176	0.8319	(null)	(null)	(null)	(null)	(null)	(null)	(null)	2020-11-02	11:14:46.947	TTL1	AP Coil	0.0000	(null)	1	10.0000	90.0000	98.2187
Sample 28	Session imported from “Hotspot+Block1.txt”	28	Sample 25	173.1424	146.4462	195.7095	-0.7481	0.6198	0.2371	-0.4650	-0.7445	0.4790	0.4734	0.2481	0.8452	(null)	(null)	(null)	(null)	(null)	(null)	(null)	2020-11-02	11:15:07.935	TTL1	AP Coil	0.0000	(null)	1	10.0000	90.0000	23.9836
Sample 29	Session imported from “Hotspot+Block1.txt”	29	Sample 25	180.9230	157.2731	188.5983	-0.7496	0.6205	0.2302	-0.4441	-0.7295	0.5201	0.4907	0.2877	0.8225	(null)	(null)	(null)	(null)	(null)	(null)	(null)	2020-11-02	11:15:13.450	TTL1	AP Coil	0.0000	(null)	1	10.0000	90.0000	271.8145
Sample 30	Session imported from “Hotspot+Block1.txt”	30	Sample 29	181.8410	157.6944	187.7533	-0.7060	0.6895	0.1616	-0.5154	-0.6568	0.5504	0.4857	0.3053	0.8191	(null)	(null)	(null)	(null)	(null)	(null)	(null)	2020-11-02	11:15:36.937	TTL1	AP Coil	0.0000	(null)	1	10.0000	90.0000	193.0112
Sample 31	Session imported from “Hotspot+Block1.txt”	31	Sample 29	188.7563	166.1985	181.0503	-0.7172	0.6827	0.1398	-0.5061	-0.6482	0.5689	0.4790	0.3373	0.8104	(null)	(null)	(null)	(null)	(null)	(null)	(null)	2020-11-02	11:15:42.203	TTL1	AP Coil	0.0000	(null)	1	10.0000	90.0000	188.4429
Sample 32	Session imported from “Hotspot+Block1.txt”	32	Sample 29	193.6517	157.3934	178.4684	-0.7304	0.6633	0.1629	-0.4821	-0.6696	0.5650	0.4838	0.3341	0.8089	(null)	(null)	(null)	(null)	(null)	(null)	(null)	2020-11-02	11:15:47.744	TTL1	AP Coil	0.0000	(null)	1	10.0000	90.0000	101.6449
Sample 33	Session imported from “Hotspot+Block1.txt”	33	Sample 29	191.5886	147.2848	181.9630	-0.7481	0.6387	0.1798	-0.4360	-0.6775	0.5924	0.5002	0.3648	0.7853	(null)	(null)	(null)	(null)	(null)	(null)	(null)	2020-11-02	11:15:53.693	TTL1	AP Coil	0.0000	(null)	1	10.0000	90.0000	15.9891
Sample 34	Session imported from “Hotspot+Block1.txt”	34	Sample 29	183.6995	143.8019	188.4930	-0.7735	0.6118	0.1653	-0.4224	-0.6922	0.5852	0.4725	0.3828	0.7939	(null)	(null)	(null)	(null)	(null)	(null)	(null)	2020-11-02	11:16:02.818	TTL1	AP Coil	0.0000	(null)	1	10.0000	90.0000	19.4153
Sample 35	Session imported from “Hotspot+Block1.txt”	35	Sample 29	175.7714	146.8639	193.7559	-0.7603	0.6274	0.1682	-0.4499	-0.6954	0.5603	0.4685	0.3503	0.8110	(null)	(null)	(null)	(null)	(null)	(null)	(null)	2020-11-02	11:16:12.138	TTL1	AP Coil	0.0000	(null)	1	10.0000	90.0000	45.6831
Sample 36	Session imported from “Hotspot+Block1.txt”	36	Sample 29	170.4612	159.1743	196.4079	-0.7513	0.6465	0.1329	-0.4887	-0.6802	0.5463	0.4436	0.3455	0.8270	(null)	(null)	(null)	(null)	(null)	(null)	(null)	2020-11-02	11:16:20.107	TTL1	AP Coil	0.0000	(null)	1	10.0000	90.0000	70.8088
Sample 37	Session imported from “Hotspot+Block1.txt”	37	Sample 29	181.2674	157.8867	188.2478	-0.7506	0.6266	0.2097	-0.4609	-0.7239	0.5134	0.4735	0.2887	0.8321	(null)	(null)	(null)	(null)	(null)	(null)	(null)	2020-11-02	11:16:45.499	TTL1	AP Coil	0.0000	(null)	1	10.0000	90.0000	161.0330
Sample 38	Session imported from “Hotspot+Block1.txt”	38	Sample 29	185.2222	162.7751	184.5511	-0.7482	0.6334	0.1975	-0.4646	-0.7127	0.5256	0.4737	0.3015	0.8275	(null)	(null)	(null)	(null)	(null)	(null)	(null)	2020-11-02	11:16:55.625	TTL1	AP Coil	0.0000	(null)	1	10.0000	90.0000	191.8691
Sample 39	Session imported from “Hotspot+Block1.txt”	39	Sample 29	185.9436	152.0164	185.5409	-0.7580	0.6170	0.2117	-0.4311	-0.7174	0.5473	0.4895	0.3236	0.8097	(null)	(null)	(null)	(null)	(null)	(null)	(null)	2020-11-02	11:17:01.293	TTL1	AP Coil	0.0000	(null)	1	10.0000	90.0000	42.2569
Sample 40	Session imported from “Hotspot+Block1.txt”	40	Sample 29	177.6913	150.7035	191.8664	-0.7460	0.6243	0.2316	-0.4777	-0.7441	0.4670	0.4639	0.2378	0.8534	(null)	(null)	(null)	(null)	(null)	(null)	(null)	2020-11-02	11:17:35.352	TTL1	AP Coil	0.0000	(null)	1	10.0000	90.0000	395.1589
Sample 41	Session imported from “Hotspot+Block1.txt”	41	Sample 29	182.3527	156.8157	187.4381	-0.7446	0.6222	0.2418	-0.4361	-0.7276	0.5295	0.5054	0.2888	0.8131	(null)	(null)	(null)	(null)	(null)	(null)	(null)	2020-11-02	11:17:56.468	TTL1	AP Coil	0.0000	(null)	1	10.0000	90.0000	59.3881
Sample 42	Session imported from “Hotspot+Block1.txt”	42	Sample 29	185.7204	164.0418	183.9276	-0.7474	0.6187	0.2420	-0.4169	-0.7204	0.5542	0.5173	0.3133	0.7964	(null)	(null)	(null)	(null)	(null)	(null)	(null)	2020-11-02	11:18:02.457	TTL1	AP Coil	0.0000	(null)	1	10.0000	90.0000	95.9345
Sample 43	Session imported from “Hotspot+Block1.txt”	43	Sample 29	181.2384	157.2624	188.3123	-0.7578	0.6033	0.2485	-0.4048	-0.7334	0.5462	0.5117	0.3133	0.8000	(null)	(null)	(null)	(null)	(null)	(null)	(null)	2020-11-02	11:18:25.523	TTL1	AP Coil	0.0000	(null)	1	10.0000	90.0000	207.8582
Sample 44	Session imported from “Hotspot+Block1.txt”	44	Sample 29	184.4486	161.9332	185.3235	-0.7599	0.6016	0.2462	-0.4025	-0.7329	0.5484	0.5104	0.3177	0.7991	(null)	(null)	(null)	(null)	(null)	(null)	(null)	2020-11-02	11:18:31.373	TTL1	AP Coil	0.0000	(null)	1	10.0000	90.0000	204.4319
Sample 45	Session imported from “Hotspot+Block1.txt”	45	Sample 44	186.1131	161.3731	184.1381	-0.7591	0.6032	0.2449	-0.3989	-0.7282	0.5573	0.5145	0.3253	0.7934	(null)	(null)	(null)	(null)	(null)	(null)	(null)	2020-11-02	11:19:03.081	TTL1	AP Coil	0.0000	(null)	1	10.0000	90.0000	124.4865
Sample 46	Session imported from “Hotspot+Block1.txt”	46	Sample 44	188.0864	166.1770	181.6181	-0.7622	0.6041	0.2327	-0.3958	-0.7193	0.5709	0.5123	0.3430	0.7873	(null)	(null)	(null)	(null)	(null)	(null)	(null)	2020-11-02	11:19:07.455	TTL1	AP Coil	0.0000	(null)	1	10.0000	90.0000	244.4047
Sample 47	Session imported from “Hotspot+Block1.txt”	47	Sample 46	189.0309	165.9557	180.8711	-0.7697	0.5970	0.2264	-0.3808	-0.7138	0.5878	0.5125	0.3662	0.7767	(null)	(null)	(null)	(null)	(null)	(null)	(null)	2020-11-02	11:20:18.500	TTL1	AP Coil	0.0000	(null)	1	10.0000	90.0000	134.7652
Sample 48	Session imported from “Hotspot+Block1.txt”	48	Sample 46	191.8189	170.0702	177.2952	-0.7523	0.6200	0.2231	-0.4147	-0.7086	0.5709	0.5120	0.3369	0.7901	(null)	(null)	(null)	(null)	(null)	(null)	(null)	2020-11-02	11:20:23.612	TTL1	AP Coil	0.0000	(null)	1	10.0000	90.0000	29.6940
Sample 49	Session imported from “Hotspot+Block1.txt”	49	Sample 46	193.9338	165.9555	175.9497	-0.7565	0.6091	0.2381	-0.3899	-0.7123	0.5836	0.5251	0.3487	0.7763	(null)	(null)	(null)	(null)	(null)	(null)	(null)	2020-11-02	11:20:29.015	TTL1	AP Coil	0.0000	(null)	1	10.0000	90.0000	21.6995
Sample 50	Session imported from “Hotspot+Block1.txt”	50	Sample 46	194.1142	160.3082	177.3174	-0.7608	0.5989	0.2502	-0.3669	-0.7148	0.5954	0.5354	0.3612	0.7635	(null)	(null)	(null)	(null)	(null)	(null)	(null)	2020-11-02	11:20:33.472	TTL1	AP Coil	0.0000	(null)	1	10.0000	90.0000	14.8470
Sample 51	Session imported from “Hotspot+Block1.txt”	51	Sample 46	190.2592	157.8790	181.4117	-0.7776	0.5805	0.2416	-0.3519	-0.7202	0.5979	0.5211	0.3799	0.7643	(null)	(null)	(null)	(null)	(null)	(null)	(null)	2020-11-02	11:20:38.863	TTL1	AP Coil	0.0000	(null)	1	10.0000	90.0000	14.8470
Sample 52	Session imported from “Hotspot+Block1.txt”	52	Sample 46	186.2783	161.8787	183.9084	-0.7628	0.6106	0.2129	-0.3926	-0.6989	0.5978	0.5138	0.3724	0.7728	(null)	(null)	(null)	(null)	(null)	(null)	(null)	2020-11-02	11:20:44.154	TTL1	AP Coil	0.0000	(null)	1	10.0000	90.0000	68.5247
Sample 53	Session imported from “Hotspot+Block1.txt”	53	Sample 46	182.8181	167.0642	185.8590	-0.7441	0.6385	0.1968	-0.4222	-0.6776	0.6022	0.5178	0.3650	0.7737	(null)	(null)	(null)	(null)	(null)	(null)	(null)	2020-11-02	11:20:50.366	TTL1	AP Coil	0.0000	(null)	1	10.0000	90.0000	63.9564
Sample 54	Session imported from “Hotspot+Block1.txt”	54	Sample 46	184.5500	171.2444	183.8367	-0.7648	0.6160	0.1887	-0.4040	-0.6867	0.6043	0.5018	0.3859	0.7741	(null)	(null)	(null)	(null)	(null)	(null)	(null)	2020-11-02	11:20:57.234	TTL1	AP Coil	0.0000	(null)	1	10.0000	90.0000	61.6722
Sample 55	Session imported from “Hotspot+Block1.txt”	55	Sample 46	189.4266	166.4358	180.4332	-0.7390	0.6422	0.2037	-0.4218	-0.6768	0.6034	0.5253	0.3600	0.7710	(null)	(null)	(null)	(null)	(null)	(null)	(null)	2020-11-02	11:21:15.369	TTL1	AP Coil	0.0000	(null)	1	10.0000	90.0000	190.7270
Sample 56	Session imported from “Hotspot+Block1.txt”	56	Sample 46	185.5229	160.6621	184.7151	-0.7536	0.6250	0.2036	-0.3979	-0.6803	0.6156	0.5232	0.3829	0.7613	(null)	(null)	(null)	(null)	(null)	(null)	(null)	2020-11-02	11:21:21.195	TTL1	AP Coil	0.0000	(null)	1	10.0000	90.0000	196.4374
Sample 57	Session imported from “Hotspot+Block1.txt”	57	Sample 56	185.9733	160.1068	184.4368	-0.7714	0.6022	0.2059	-0.3695	-0.6872	0.6254	0.5181	0.4064	0.7526	(null)	(null)	(null)	(null)	(null)	(null)	(null)	2020-11-02	11:23:37.796	TTL1	AP Coil	0.0000	(null)	1	10.0000	90.0000	36.5465
Sample 58	Session imported from “Hotspot+Block1.txt”	58	Sample 56	186.0469	160.7086	184.3147	-0.7417	0.6402	0.2002	-0.4077	-0.6672	0.6234	0.5327	0.3807	0.7558	(null)	(null)	(null)	(null)	(null)	(null)	(null)	2020-11-02	11:24:10.795	TTL1	AP Coil	0.0000	(null)	1	10.0000	90.0000	309.5031
Sample 59	Session imported from “Hotspot+Block1.txt”	59	Sample 56	185.9043	160.9596	184.3791	-0.7512	0.6346	0.1816	-0.4165	-0.6691	0.6155	0.5121	0.3867	0.7669	(null)	(null)	(null)	(null)	(null)	(null)	(null)	2020-11-02	11:24:24.974	TTL1	AP Coil	0.0000	(null)	1	10.0000	90.0000	251.2571
Sample 60	Session imported from “Hotspot+Block1.txt”	60	Sample 56	185.6014	160.7701	184.6389	-0.7505	0.6326	0.1910	-0.4096	-0.6722	0.6167	0.5186	0.3846	0.7637	(null)	(null)	(null)	(null)	(null)	(null)	(null)	2020-11-02	11:24:56.218	TTL1	AP Coil	0.0000	(null)	1	10.0000	90.0000	175.8800
Sample 61	Session imported from “Hotspot+Block1.txt”	61	Sample 56	186.1633	160.4120	184.2454	-0.7557	0.6325	0.1698	-0.4082	-0.6577	0.6330	0.5121	0.4091	0.7553	(null)	(null)	(null)	(null)	(null)	(null)	(null)	2020-11-02	11:25:10.443	TTL1	AP Coil	0.0000	(null)	1	10.0000	90.0000	204.4319
Sample 62	Session imported from “Hotspot+Block1.txt”	62	Sample 56	186.1602	160.3370	184.2552	-0.7427	0.6438	0.1843	-0.4069	-0.6524	0.6394	0.5319	0.3999	0.7465	(null)	(null)	(null)	(null)	(null)	(null)	(null)	2020-11-02	11:25:24.540	TTL1	AP Coil	0.0000	(null)	1	10.0000	90.0000	91.3662
Sample 63	Session imported from “Hotspot+Block1.txt”	63	Sample 56	185.7998	160.9358	184.4622	-0.7532	0.6289	0.1926	-0.3997	-0.6702	0.6253	0.5224	0.3940	0.7562	(null)	(null)	(null)	(null)	(null)	(null)	(null)	2020-11-02	11:25:39.070	TTL1	AP Coil	0.0000	(null)	1	10.0000	90.0000	14.8470
Sample 64	Session imported from “Hotspot+Block1.txt”	64	Sample 56	186.1787	161.2390	184.1124	-0.7529	0.6321	0.1833	-0.4088	-0.6674	0.6225	0.5158	0.3937	0.7609	(null)	(null)	(null)	(null)	(null)	(null)	(null)	2020-11-02	11:26:06.370	TTL1	AP Coil	0.0000	(null)	1	10.0000	90.0000	137.0493
Sample 65	Session imported from “Hotspot+Block1.txt”	65	Sample 56	185.9726	160.4308	184.4066	-0.7472	0.6379	0.1864	-0.4138	-0.6661	0.6206	0.5200	0.3866	0.7617	(null)	(null)	(null)	(null)	(null)	(null)	(null)	2020-11-02	11:26:35.486	TTL1	AP Coil	0.0000	(null)	1	10.0000	90.0000	18.2732
Sample 66	Session imported from “Hotspot+Block1.txt”	66	Sample 56	186.6830	161.4877	183.6332	-0.7616	0.6237	0.1759	-0.3991	-0.6653	0.6310	0.5106	0.4104	0.7556	(null)	(null)	(null)	(null)	(null)	(null)	(null)	2020-11-02	11:26:48.159	TTL1	AP Coil	0.0000	(null)	1	10.0000	90.0000	43.3990
Sample 67	Session imported from “Hotspot+Block1.txt”	67	Sample 56	185.8874	160.3363	184.4884	-0.7530	0.6348	0.1735	-0.4113	-0.6598	0.6289	0.5137	0.4022	0.7579	(null)	(null)	(null)	(null)	(null)	(null)	(null)	2020-11-02	11:26:58.087	TTL1	AP Coil	0.0000	(null)	1	10.0000	90.0000	47.9673
Sample 68	Session imported from “Hotspot+Block1.txt”	68	Sample 56	186.0005	160.5227	184.3740	-0.7514	0.6313	0.1918	-0.4100	-0.6745	0.6139	0.5170	0.3827	0.7657	(null)	(null)	(null)	(null)	(null)	(null)	(null)	2020-11-02	11:27:21.337	TTL1	AP Coil	0.0000	(null)	1	10.0000	90.0000	106.2132
Sample 69	Session imported from “Hotspot+Block1.txt”	69	Sample 56	186.0510	160.5000	184.3331	-0.7499	0.6322	0.1948	-0.4058	-0.6722	0.6192	0.5224	0.3853	0.7606	(null)	(null)	(null)	(null)	(null)	(null)	(null)	2020-11-02	11:27:30.587	TTL1	AP Coil	0.0000	(null)	1	10.0000	90.0000	102.7870
Sample 70	Session imported from “Hotspot+Block1.txt”	70	Sample 56	185.7063	160.6700	184.5763	-0.7589	0.6252	0.1822	-0.4061	-0.6731	0.6180	0.5090	0.3950	0.7647	(null)	(null)	(null)	(null)	(null)	(null)	(null)	2020-11-02	11:27:37.814	TTL1	AP Coil	0.0000	(null)	1	10.0000	90.0000	27.4099
Sample 71	Session imported from “Hotspot+Block1.txt”	71	Sample 56	185.9956	160.6566	184.3615	-0.7495	0.6379	0.1769	-0.4180	-0.6633	0.6207	0.5133	0.3913	0.7638	(null)	(null)	(null)	(null)	(null)	(null)	(null)	2020-11-02	11:27:47.743	TTL1	AP Coil	0.0000	(null)	1	10.0000	90.0000	51.3935
Sample 72	Session imported from “Hotspot+Block1.txt”	72	Sample 56	185.7594	160.7573	184.5225	-0.7455	0.6439	0.1719	-0.4222	-0.6559	0.6257	0.5157	0.3939	0.7609	(null)	(null)	(null)	(null)	(null)	(null)	(null)	2020-11-02	11:28:03.422	TTL1	AP Coil	0.0000	(null)	1	10.0000	90.0000	240.9784
Sample 73	Session imported from “Hotspot+Block1.txt”	73	Sample 56	186.0525	160.6519	184.3173	-0.7462	0.6372	0.1930	-0.4049	-0.6645	0.6281	0.5284	0.3905	0.7538	(null)	(null)	(null)	(null)	(null)	(null)	(null)	2020-11-02	11:28:14.665	TTL1	AP Coil	0.0000	(null)	1	10.0000	90.0000	21.6995
Sample 74	Session imported from “Hotspot+Block1.txt”	74	Sample 56	185.5389	160.1581	184.7838	-0.7443	0.6355	0.2053	-0.3992	-0.6698	0.6261	0.5354	0.3841	0.7522	(null)	(null)	(null)	(null)	(null)	(null)	(null)	2020-11-02	11:28:32.706	TTL1	AP Coil	0.0000	(null)	1	10.0000	90.0000	12.5629
Sample 75	Session imported from “Hotspot+Block1.txt”	75	Sample 56	185.6460	159.6734	184.7577	-0.7492	0.6324	0.1967	-0.4003	-0.6690	0.6262	0.5276	0.3904	0.7545	(null)	(null)	(null)	(null)	(null)	(null)	(null)	2020-11-02	11:28:40.465	TTL1	AP Coil	0.0000	(null)	1	10.0000	90.0000	145.0439
Sample 76	Session imported from “Hotspot+Block1.txt”	76	Sample 56	185.9436	160.5158	184.4230	-0.7517	0.6290	0.1984	-0.3986	-0.6729	0.6232	0.5255	0.3894	0.7565	(null)	(null)	(null)	(null)	(null)	(null)	(null)	2020-11-02	11:28:48.002	TTL1	AP Coil	0.0000	(null)	1	10.0000	90.0000	31.9782
Sample 77	Session imported from “Hotspot+Block1.txt”	77	Sample 56	185.8629	160.7201	184.4508	-0.7476	0.6245	0.2259	-0.3806	-0.6817	0.6249	0.5442	0.3812	0.7473	(null)	(null)	(null)	(null)	(null)	(null)	(null)	2020-11-02	11:29:08.815	TTL1	AP Coil	0.0000	(null)	1	10.0000	90.0000	206.7161
Sample 78	Session imported from “Hotspot+Block1.txt”	78	Sample 56	185.9323	160.5000	184.4340	-0.7571	0.6121	0.2284	-0.3729	-0.6919	0.6182	0.5364	0.3828	0.7521	(null)	(null)	(null)	(null)	(null)	(null)	(null)	2020-11-02	11:29:18.941	TTL1	AP Coil	0.0000	(null)	1	10.0000	90.0000	86.7979
Sample 79	Session imported from “Hotspot+Block1.txt”	79	Sample 56	185.7336	160.7525	184.5426	-0.7551	0.6155	0.2260	-0.3724	-0.6863	0.6248	0.5396	0.3876	0.7474	(null)	(null)	(null)	(null)	(null)	(null)	(null)	2020-11-02	11:29:25.738	TTL1	AP Coil	0.0000	(null)	1	10.0000	90.0000	66.2405
Sample 80	Session imported from “Hotspot+Block1.txt”	80	Sample 56	186.0058	160.9591	184.3025	-0.7586	0.6260	0.1806	-0.3966	-0.6636	0.6343	0.5169	0.4096	0.7517	(null)	(null)	(null)	(null)	(null)	(null)	(null)	2020-11-02	11:29:49.351	TTL1	AP Coil	0.0000	(null)	1	10.0000	90.0000	22.8416
Sample 81	Session imported from “Hotspot+Block1.txt”	81	Sample 56	185.7792	160.5998	184.5329	-0.7527	0.6321	0.1839	-0.3950	-0.6571	0.6420	0.5267	0.4106	0.7443	(null)	(null)	(null)	(null)	(null)	(null)	(null)	2020-11-02	11:29:56.415	TTL1	AP Coil	0.0000	(null)	1	10.0000	90.0000	31.9782
Sample 82	Session imported from “Hotspot+Block1.txt”	82	Sample 56	185.6698	160.6377	184.6089	-0.7655	0.6115	0.2001	-0.3724	-0.6747	0.6372	0.5247	0.4133	0.7442	(null)	(null)	(null)	(null)	(null)	(null)	(null)	2020-11-02	11:30:04.870	TTL1	AP Coil	0.0000	(null)	1	10.0000	90.0000	35.4044
Sample 83	Session imported from “Hotspot+Block1.txt”	83	Sample 56	185.8233	160.4376	184.5258	-0.7678	0.5989	0.2276	-0.3627	-0.6991	0.6162	0.5282	0.3906	0.7540	(null)	(null)	(null)	(null)	(null)	(null)	(null)	2020-11-02	11:30:17.926	TTL1	AP Coil	0.0000	(null)	1	10.0000	90.0000	30.8361
Sample 84	Session imported from “Hotspot+Block1.txt”	84	Sample 56	186.0676	160.9398	184.2588	-0.7643	0.6159	0.1909	-0.3800	-0.6694	0.6383	0.5210	0.4153	0.7457	(null)	(null)	(null)	(null)	(null)	(null)	(null)	2020-11-02	11:30:47.988	TTL1	AP Coil	0.0000	(null)	1	10.0000	90.0000	197.5795
Sample 85	Session imported from “Hotspot+Block1.txt”	85	Sample 56	185.8784	160.8689	184.4150	-0.7631	0.6095	0.2148	-0.3624	-0.6788	0.6386	0.5351	0.4095	0.7389	(null)	(null)	(null)	(null)	(null)	(null)	(null)	2020-11-02	11:30:57.880	TTL1	AP Coil	0.0000	(null)	1	10.0000	90.0000	33.1203
Sample 86	Session imported from “Hotspot+Block1.txt”	86	Sample 56	185.6796	160.8376	184.5695	-0.7627	0.6102	0.2143	-0.3798	-0.6908	0.6152	0.5235	0.3878	0.7587	(null)	(null)	(null)	(null)	(null)	(null)	(null)	2020-11-02	11:31:18.315	TTL1	AP Coil	0.0000	(null)	1	10.0000	90.0000	25.1257
Sample 87	Session imported from “Hotspot+Block1.txt”	87	PSC	203.2183	151.0066	162.6948	0.1277	0.7901	0.5995	-0.3962	-0.5135	0.7611	0.9092	-0.3347	0.2475	(null)	(null)	(null)	(null)	(null)	(null)	(null)	2020-11-02	11:54:04.289	TTL1	Pointer	0.0000	(null)	(null)	(null)	(null)	(null)
Sample 88	Session imported from “Hotspot+Block1.txt”	88	PSC	203.2183	151.0066	162.6948	0.1277	0.7901	0.5995	-0.3962	-0.5135	0.7611	0.9092	-0.3347	0.2475	(null)	(null)	(null)	(null)	(null)	(null)	(null)	2020-11-02	11:54:04.791	TTL1	Pointer	0.0000	(null)	(null)	(null)	(null)	(null)
Sample 89	Session imported from “Hotspot+Block1.txt”	89	PSC	203.2183	151.0066	162.6948	0.1277	0.7901	0.5995	-0.3962	-0.5135	0.7611	0.9092	-0.3347	0.2475	(null)	(null)	(null)	(null)	(null)	(null)	(null)	2020-11-02	11:54:05.292	TTL1	Pointer	0.0000	(null)	(null)	(null)	(null)	(null)
Sample 90	Session imported from “Hotspot+Block1.txt”	90	PSC	203.2183	151.0066	162.6948	0.1277	0.7901	0.5995	-0.3962	-0.5135	0.7611	0.9092	-0.3347	0.2475	(null)	(null)	(null)	(null)	(null)	(null)	(null)	2020-11-02	11:54:05.793	TTL1	Pointer	0.0000	(null)	(null)	(null)	(null)	(null)
Sample 91	Session imported from “Hotspot+Block1.txt”	91	PSC	203.2183	151.0066	162.6948	0.1277	0.7901	0.5995	-0.3962	-0.5135	0.7611	0.9092	-0.3347	0.2475	(null)	(null)	(null)	(null)	(null)	(null)	(null)	2020-11-02	11:54:06.294	TTL1	Pointer	0.0000	(null)	(null)	(null)	(null)	(null)
Sample 92	Session imported from “Hotspot+Block1.txt”	92	PSC_2mm_reversecurrent	187.5312	159.3645	183.2051	-0.7611	0.3171	0.5658	-0.1647	-0.9382	0.3043	0.6274	0.1384	0.7663	(null)	(null)	(null)	(null)	(null)	(null)	(null)	2020-11-02	12:06:22.288	TTL1	AP Coil	0.0000	(null)	(null)	(null)	(null)	(null)
Sample 93	Session imported from “Hotspot+Block1.txt”	93	PSC_2mm_reversecurrent	187.6950	159.4336	183.0567	-0.7607	0.3164	0.5667	-0.1656	-0.9388	0.3019	0.6276	0.1358	0.7666	(null)	(null)	(null)	(null)	(null)	(null)	(null)	2020-11-02	12:06:22.790	TTL1	AP Coil	0.0000	(null)	(null)	(null)	(null)	(null)
Sample 94	Session imported from “Hotspot+Block1.txt”	94	PSC_2mm_reversecurrent	187.4154	159.4601	183.2873	-0.7615	0.3172	0.5652	-0.1660	-0.9384	0.3029	0.6265	0.1368	0.7673	(null)	(null)	(null)	(null)	(null)	(null)	(null)	2020-11-02	12:06:23.291	TTL1	AP Coil	0.0000	(null)	(null)	(null)	(null)	(null)
Sample 95	Session imported from “Hotspot+Block1.txt”	95	PSC_2mm_reversecurrent	187.3467	159.5008	183.3383	-0.7629	0.3164	0.5638	-0.1652	-0.9385	0.3031	0.6250	0.1381	0.7683	(null)	(null)	(null)	(null)	(null)	(null)	(null)	2020-11-02	12:06:23.792	TTL1	AP Coil	0.0000	(null)	(null)	(null)	(null)	(null)
Sample 96	Session imported from “Hotspot+Block1.txt”	96	PSC_2mm_reversecurrent	187.4970	159.3609	183.2338	-0.7656	0.3125	0.5624	-0.1587	-0.9388	0.3057	0.6235	0.1448	0.7683	(null)	(null)	(null)	(null)	(null)	(null)	(null)	2020-11-02	12:06:24.293	TTL1	AP Coil	0.0000	(null)	(null)	(null)	(null)	(null)
Sample 97	Session imported from “Hotspot+Block1.txt”	97	PSC_2mm_reversecurrent	187.6972	159.1151	183.1017	-0.7685	0.3100	0.5597	-0.1539	-0.9387	0.3086	0.6210	0.1510	0.7691	(null)	(null)	(null)	(null)	(null)	(null)	(null)	2020-11-02	12:06:24.795	TTL1	AP Coil	0.0000	(null)	(null)	(null)	(null)	(null)
Sample 98	Session imported from “Hotspot+Block1.txt”	98	PSC_2mm_reversecurrent	187.4681	159.4711	183.2423	-0.7675	0.3125	0.5598	-0.1576	-0.9383	0.3077	0.6214	0.1479	0.7694	(null)	(null)	(null)	(null)	(null)	(null)	(null)	2020-11-02	12:06:25.296	TTL1	AP Coil	0.0000	(null)	(null)	(null)	(null)	(null)
Sample 99	Session imported from “Hotspot+Block1.txt”	99	PSC_2mm_reversecurrent	187.5561	159.0907	183.2226	-0.7691	0.3135	0.5569	-0.1559	-0.9371	0.3122	0.6198	0.1533	0.7697	(null)	(null)	(null)	(null)	(null)	(null)	(null)	2020-11-02	12:06:25.896	TTL1	AP Coil	0.0000	(null)	(null)	(null)	(null)	(null)
Sample 100	Session imported from “Hotspot+Block1.txt”	100	PSC_2mm_reversecurrent	188.1622	159.1982	182.7230	-0.7370	0.3459	0.5806	-0.1722	-0.9269	0.3336	0.6536	0.1459	0.7427	(null)	(null)	(null)	(null)	(null)	(null)	(null)	2020-11-02	12:06:36.191	TTL1	AP Coil	0.0000	(null)	(null)	(null)	(null)	(null)
Sample 101	Session imported from “Hotspot+Block1.txt”	101	PSC_2mm_reversecurrent	187.9654	159.1784	182.8771	-0.7561	0.3365	0.5613	-0.1655	-0.9281	0.3335	0.6332	0.1593	0.7574	(null)	(null)	(null)	(null)	(null)	(null)	(null)	2020-11-02	12:06:36.694	TTL1	AP Coil	0.0000	(null)	(null)	(null)	(null)	(null)
Sample 102	Session imported from “Hotspot+Block1.txt”	102	PSC_2mm_reversecurrent	187.9280	159.3206	182.8729	-0.7534	0.3403	0.5627	-0.1677	-0.9268	0.3360	0.6358	0.1588	0.7553	(null)	(null)	(null)	(null)	(null)	(null)	(null)	2020-11-02	12:06:37.195	TTL1	AP Coil	0.0000	(null)	(null)	(null)	(null)	(null)
Sample 103	Session imported from “Hotspot+Block1.txt”	103	PSC_2mm_reversecurrent	187.7147	159.4611	183.0356	-0.7507	0.3447	0.5636	-0.1693	-0.9250	0.3402	0.6386	0.1600	0.7527	(null)	(null)	(null)	(null)	(null)	(null)	(null)	2020-11-02	12:06:37.697	TTL1	AP Coil	0.0000	(null)	(null)	(null)	(null)	(null)
Sample 104	Session imported from “Hotspot+Block1.txt”	104	PSC_2mm_reversecurrent	187.6091	159.4731	183.1253	-0.7516	0.3463	0.5614	-0.1709	-0.9243	0.3414	0.6371	0.1606	0.7539	(null)	(null)	(null)	(null)	(null)	(null)	(null)	2020-11-02	12:06:38.198	TTL1	AP Coil	0.0000	(null)	(null)	(null)	(null)	(null)
Sample 105	Session imported from “Hotspot+Block1.txt”	105	PSC_2mm_reversecurrent	187.6571	159.4023	183.0942	-0.7531	0.3472	0.5589	-0.1737	-0.9242	0.3401	0.6346	0.1590	0.7563	(null)	(null)	(null)	(null)	(null)	(null)	(null)	2020-11-02	12:06:38.797	TTL1	AP Coil	0.0000	(null)	(null)	(null)	(null)	(null)
Sample 106	Session imported from “Hotspot+Block1.txt”	106	PSC_2mm_reversecurrent	187.7097	159.2276	183.0743	-0.7530	0.3478	0.5587	-0.1734	-0.9238	0.3414	0.6348	0.1602	0.7559	(null)	(null)	(null)	(null)	(null)	(null)	(null)	2020-11-02	12:06:39.298	TTL1	AP Coil	0.0000	(null)	(null)	(null)	(null)	(null)
Sample 107	Session imported from “Hotspot+Block1.txt”	107	PSC_2mm_reversecurrent	187.6918	159.1039	183.1081	-0.7554	0.3480	0.5552	-0.1722	-0.9230	0.3442	0.6322	0.1644	0.7571	(null)	(null)	(null)	(null)	(null)	(null)	(null)	2020-11-02	12:06:39.799	TTL1	AP Coil	0.0000	(null)	(null)	(null)	(null)	(null)
Sample 108	Session imported from “Hotspot+Block1.txt”	108	PSC_2mm_reversecurrent	187.8050	159.7709	182.9117	-0.7762	0.3349	0.5342	-0.1809	-0.9299	0.3202	0.6040	0.1519	0.7824	(null)	(null)	(null)	(null)	(null)	(null)	(null)	2020-11-02	12:06:50.095	TTL1	AP Coil	0.0000	(null)	(null)	(null)	(null)	(null)
Sample 109	Session imported from “Hotspot+Block1.txt”	109	PSC_2mm_reversecurrent	187.9460	159.7313	182.7954	-0.7702	0.3344	0.5431	-0.1845	-0.9319	0.3121	0.6105	0.1402	0.7795	(null)	(null)	(null)	(null)	(null)	(null)	(null)	2020-11-02	12:06:50.596	TTL1	AP Coil	0.0000	(null)	(null)	(null)	(null)	(null)
Sample 110	Session imported from “Hotspot+Block1.txt”	110	PSC_2mm_reversecurrent	187.7808	159.6545	182.9498	-0.7715	0.3358	0.5404	-0.1832	-0.9307	0.3167	0.6093	0.1454	0.7795	(null)	(null)	(null)	(null)	(null)	(null)	(null)	2020-11-02	12:06:51.098	TTL1	AP Coil	0.0000	(null)	(null)	(null)	(null)	(null)
Sample 111	Session imported from “Hotspot+Block1.txt”	111	PSC_2mm_reversecurrent	186.8750	159.5698	183.7176	-0.7740	0.3368	0.5361	-0.1787	-0.9285	0.3254	0.6074	0.1561	0.7789	(null)	(null)	(null)	(null)	(null)	(null)	(null)	2020-11-02	12:06:51.600	TTL1	AP Coil	0.0000	(null)	(null)	(null)	(null)	(null)
Sample 112	Session imported from “Hotspot+Block1.txt”	112	PSC_2mm_reversecurrent	187.2520	159.0200	183.4894	-0.7690	0.3371	0.5431	-0.1743	-0.9280	0.3293	0.6150	0.1586	0.7724	(null)	(null)	(null)	(null)	(null)	(null)	(null)	2020-11-02	12:06:52.199	TTL1	AP Coil	0.0000	(null)	(null)	(null)	(null)	(null)
Sample 113	Session imported from “Hotspot+Block1.txt”	113	PSC_2mm_reversecurrent	187.4964	158.9827	183.2914	-0.7670	0.3394	0.5445	-0.1755	-0.9272	0.3308	0.6172	0.1582	0.7708	(null)	(null)	(null)	(null)	(null)	(null)	(null)	2020-11-02	12:06:52.799	TTL1	AP Coil	0.0000	(null)	(null)	(null)	(null)	(null)
Sample 114	Session imported from “Hotspot+Block1.txt”	114	PSC_2mm_reversecurrent	187.7239	158.9303	183.1165	-0.7682	0.3390	0.5430	-0.1751	-0.9272	0.3311	0.6157	0.1593	0.7717	(null)	(null)	(null)	(null)	(null)	(null)	(null)	2020-11-02	12:06:53.300	TTL1	AP Coil	0.0000	(null)	(null)	(null)	(null)	(null)
Sample 115	Session imported from “Hotspot+Block1.txt”	115	PSC_2mm_reversecurrent	187.8481	159.0702	182.9910	-0.7690	0.3376	0.5428	-0.1749	-0.9279	0.3293	0.6148	0.1583	0.7726	(null)	(null)	(null)	(null)	(null)	(null)	(null)	2020-11-02	12:06:53.802	TTL1	AP Coil	0.0000	(null)	(null)	(null)	(null)	(null)
Sample 116	Session imported from “Hotspot+Block1.txt”	116	PSC_2mm_reversecurrent	188.4142	158.4082	182.7086	-0.7695	0.3107	0.5580	-0.1730	-0.9424	0.2862	0.6148	0.1238	0.7789	(null)	(null)	(null)	(null)	(null)	(null)	(null)	2020-11-02	12:07:03.999	TTL1	AP Coil	0.0000	(null)	(null)	(null)	(null)	(null)
Sample 117	Session imported from “Hotspot+Block1.txt”	117	PSC_2mm_reversecurrent	188.6455	158.5924	182.4937	-0.7698	0.3078	0.5592	-0.1727	-0.9438	0.2818	0.6145	0.1204	0.7797	(null)	(null)	(null)	(null)	(null)	(null)	(null)	2020-11-02	12:07:04.500	TTL1	AP Coil	0.0000	(null)	(null)	(null)	(null)	(null)
Sample 118	Session imported from “Hotspot+Block1.txt”	118	PSC_2mm_reversecurrent	188.1649	159.0876	182.7463	-0.7711	0.3025	0.5602	-0.1677	-0.9453	0.2797	0.6142	0.1217	0.7797	(null)	(null)	(null)	(null)	(null)	(null)	(null)	2020-11-02	12:07:05.001	TTL1	AP Coil	0.0000	(null)	(null)	(null)	(null)	(null)
Sample 119	Session imported from “Hotspot+Block1.txt”	119	PSC_2mm_reversecurrent	188.1644	159.3548	182.6854	-0.7694	0.3050	0.5612	-0.1685	-0.9444	0.2822	0.6161	0.1226	0.7781	(null)	(null)	(null)	(null)	(null)	(null)	(null)	2020-11-02	12:07:05.503	TTL1	AP Coil	0.0000	(null)	(null)	(null)	(null)	(null)
Sample 120	Session imported from “Hotspot+Block1.txt”	120	PSC_2mm_reversecurrent	187.9583	160.0532	182.7373	-0.7749	0.3048	0.5538	-0.1702	-0.9443	0.2815	0.6088	0.1239	0.7836	(null)	(null)	(null)	(null)	(null)	(null)	(null)	2020-11-02	12:07:06.103	TTL1	AP Coil	0.0000	(null)	(null)	(null)	(null)	(null)
Sample 121	Session imported from “Hotspot+Block1.txt”	121	PSC_2mm_reversecurrent	187.9272	160.2910	182.7291	-0.7766	0.3025	0.5526	-0.1678	-0.9448	0.2813	0.6072	0.1258	0.7845	(null)	(null)	(null)	(null)	(null)	(null)	(null)	2020-11-02	12:07:06.702	TTL1	AP Coil	0.0000	(null)	(null)	(null)	(null)	(null)
Sample 122	Session imported from “Hotspot+Block1.txt”	122	PSC_2mm_reversecurrent	187.5853	160.0536	183.0604	-0.7736	0.3065	0.5546	-0.1667	-0.9428	0.2885	0.6113	0.1308	0.7805	(null)	(null)	(null)	(null)	(null)	(null)	(null)	2020-11-02	12:07:07.203	TTL1	AP Coil	0.0000	(null)	(null)	(null)	(null)	(null)
Sample 123	Session imported from “Hotspot+Block1.txt”	123	PSC_2mm_reversecurrent	187.5215	159.7106	183.1649	-0.7785	0.3030	0.5497	-0.1581	-0.9422	0.2954	0.6074	0.1431	0.7814	(null)	(null)	(null)	(null)	(null)	(null)	(null)	2020-11-02	12:07:07.801	TTL1	AP Coil	0.0000	(null)	(null)	(null)	(null)	(null)
Sample 124	Session imported from “Hotspot+Block1.txt”	124	PSC_2mm_reversecurrent	187.5821	160.0077	183.0699	-0.7690	0.2983	0.5654	-0.1542	-0.9449	0.2888	0.6204	0.1349	0.7726	(null)	(null)	(null)	(null)	(null)	(null)	(null)	2020-11-02	12:07:17.902	TTL1	AP Coil	0.0000	(null)	(null)	(null)	(null)	(null)
Sample 125	Session imported from “Hotspot+Block1.txt”	125	PSC_2mm_reversecurrent	187.6549	159.1230	183.1367	-0.7771	0.2909	0.5582	-0.1387	-0.9441	0.2989	0.6139	0.1549	0.7740	(null)	(null)	(null)	(null)	(null)	(null)	(null)	2020-11-02	12:07:18.403	TTL1	AP Coil	0.0000	(null)	(null)	(null)	(null)	(null)
Sample 126	Session imported from “Hotspot+Block1.txt”	126	PSC_2mm_reversecurrent	187.7153	158.8737	183.1352	-0.7830	0.2884	0.5511	-0.1313	-0.9427	0.3068	0.6080	0.1679	0.7760	(null)	(null)	(null)	(null)	(null)	(null)	(null)	2020-11-02	12:07:19.003	TTL1	AP Coil	0.0000	(null)	(null)	(null)	(null)	(null)
Sample 127	Session imported from “Hotspot+Block1.txt”	127	PSC_2mm_reversecurrent	188.0736	158.5871	182.9270	-0.7869	0.2813	0.5492	-0.1200	-0.9428	0.3110	0.6053	0.1788	0.7757	(null)	(null)	(null)	(null)	(null)	(null)	(null)	2020-11-02	12:07:19.504	TTL1	AP Coil	0.0000	(null)	(null)	(null)	(null)	(null)
Sample 128	Session imported from “Hotspot+Block1.txt”	128	PSC_2mm_reversecurrent	187.9423	158.7534	182.9900	-0.7896	0.2852	0.5433	-0.1255	-0.9418	0.3119	0.6006	0.1781	0.7794	(null)	(null)	(null)	(null)	(null)	(null)	(null)	2020-11-02	12:07:20.103	TTL1	AP Coil	0.0000	(null)	(null)	(null)	(null)	(null)
Sample 129	Session imported from “Hotspot+Block1.txt”	129	PSC_2mm_reversecurrent	187.9330	158.8556	182.9748	-0.7811	0.2918	0.5520	-0.1309	-0.9410	0.3122	0.6105	0.1716	0.7732	(null)	(null)	(null)	(null)	(null)	(null)	(null)	2020-11-02	12:07:20.605	TTL1	AP Coil	0.0000	(null)	(null)	(null)	(null)	(null)
Sample 130	Session imported from “Hotspot+Block1.txt”	130	PSC_2mm_reversecurrent	187.9923	159.1928	182.8533	-0.7777	0.2970	0.5540	-0.1370	-0.9402	0.3117	0.6135	0.1665	0.7719	(null)	(null)	(null)	(null)	(null)	(null)	(null)	2020-11-02	12:07:21.203	TTL1	AP Coil	0.0000	(null)	(null)	(null)	(null)	(null)
Sample 131	Session imported from “Hotspot+Block1.txt”	131	PSC_2mm_reversecurrent	187.9587	159.3489	182.8431	-0.7792	0.2967	0.5522	-0.1384	-0.9406	0.3101	0.6114	0.1652	0.7739	(null)	(null)	(null)	(null)	(null)	(null)	(null)	2020-11-02	12:07:21.803	TTL1	AP Coil	0.0000	(null)	(null)	(null)	(null)	(null)
Sample 132	Session imported from “Hotspot+Block1.txt”	132	PSC_2mm_reversecurrent	187.8129	159.0905	183.0130	-0.7657	0.3363	0.5483	-0.1693	-0.9277	0.3327	0.6205	0.1619	0.7673	(null)	(null)	(null)	(null)	(null)	(null)	(null)	2020-11-02	12:07:31.803	TTL1	AP Coil	0.0000	(null)	(null)	(null)	(null)	(null)
Sample 133	Session imported from “Hotspot+Block1.txt”	133	PSC_2mm_reversecurrent	187.6115	159.2226	183.1586	-0.7665	0.3378	0.5462	-0.1700	-0.9269	0.3347	0.6193	0.1637	0.7679	(null)	(null)	(null)	(null)	(null)	(null)	(null)	2020-11-02	12:07:32.305	TTL1	AP Coil	0.0000	(null)	(null)	(null)	(null)	(null)
Sample 134	Session imported from “Hotspot+Block1.txt”	134	PSC_2mm_reversecurrent	187.5375	159.2954	183.2095	-0.7666	0.3382	0.5458	-0.1715	-0.9270	0.3336	0.6188	0.1621	0.7686	(null)	(null)	(null)	(null)	(null)	(null)	(null)	2020-11-02	12:07:32.806	TTL1	AP Coil	0.0000	(null)	(null)	(null)	(null)	(null)
Sample 135	Session imported from “Hotspot+Block1.txt”	135	PSC_2mm_reversecurrent	187.9089	159.4355	182.8712	-0.7645	0.3392	0.5482	-0.1754	-0.9277	0.3294	0.6203	0.1557	0.7688	(null)	(null)	(null)	(null)	(null)	(null)	(null)	2020-11-02	12:07:33.405	TTL1	AP Coil	0.0000	(null)	(null)	(null)	(null)	(null)
