# Version: 12
# Coordinate system: Brainsight
# Created by: Brainsight 2.5b3
# X=right->left, Y=anterior->posterior, Z=inferior->superior
# Units: millimetres, degrees, milliseconds, and microvolts
# Encoding: UTF-8
# Notes: Each column is delimited by a tab. Each value within a column is delimited by a semicolon.
# Sample Name	Session Name	Index	Assoc. Target	Loc. X	Loc. Y	Loc. Z	m0n0	m0n1	m0n2	m1n0	m1n1	m1n2	m2n0	m2n1	m2n2	Dist. to Target	Target Error	Angular Error	Twist Error	Stim. Power A	Stim. Pulse Interval	Stim. Power B	Date	Time	Creation Cause	Crosshairs Driver	Offset	Comment	EMG Channels	EMG Window Start	EMG Window End
Sample 90	Session imported from “Hotspot+Block1.txt”	90	PMC_visit5_2mm	(null)	(null)	(null)	(null)	(null)	(null)	(null)	(null)	(null)	(null)	(null)	(null)	(null)	(null)	(null)	(null)	(null)	(null)	(null)	2020-11-16	11:46:40.374	TTL1	Pointer	0.0000	(null)	(null)	(null)	(null)
Sample 91	Session imported from “Hotspot+Block1.txt”	91	PMC_visit5_2mm	(null)	(null)	(null)	(null)	(null)	(null)	(null)	(null)	(null)	(null)	(null)	(null)	(null)	(null)	(null)	(null)	(null)	(null)	(null)	2020-11-16	11:46:40.875	TTL1	Pointer	0.0000	(null)	(null)	(null)	(null)
Sample 92	Session imported from “Hotspot+Block1.txt”	92	PMC_visit5_2mm	(null)	(null)	(null)	(null)	(null)	(null)	(null)	(null)	(null)	(null)	(null)	(null)	(null)	(null)	(null)	(null)	(null)	(null)	(null)	2020-11-16	11:46:41.376	TTL1	Pointer	0.0000	(null)	(null)	(null)	(null)
Sample 93	Session imported from “Hotspot+Block1.txt”	93	PMC_visit5_2mm	(null)	(null)	(null)	(null)	(null)	(null)	(null)	(null)	(null)	(null)	(null)	(null)	(null)	(null)	(null)	(null)	(null)	(null)	(null)	2020-11-16	11:46:41.877	TTL1	Pointer	0.0000	(null)	(null)	(null)	(null)
Sample 94	Session imported from “Hotspot+Block1.txt”	94	PMC_visit5_2mm	(null)	(null)	(null)	(null)	(null)	(null)	(null)	(null)	(null)	(null)	(null)	(null)	(null)	(null)	(null)	(null)	(null)	(null)	(null)	2020-11-16	11:46:55.398	TTL1	Pointer	0.0000	(null)	(null)	(null)	(null)
Sample 95	Session imported from “Hotspot+Block1.txt”	95	PMC_visit5_2mm	(null)	(null)	(null)	(null)	(null)	(null)	(null)	(null)	(null)	(null)	(null)	(null)	(null)	(null)	(null)	(null)	(null)	(null)	(null)	2020-11-16	11:46:55.899	TTL1	Pointer	0.0000	(null)	(null)	(null)	(null)
Sample 96	Session imported from “Hotspot+Block1.txt”	96	PMC_visit5_2mm	(null)	(null)	(null)	(null)	(null)	(null)	(null)	(null)	(null)	(null)	(null)	(null)	(null)	(null)	(null)	(null)	(null)	(null)	(null)	2020-11-16	11:46:56.401	TTL1	Pointer	0.0000	(null)	(null)	(null)	(null)
Sample 97	Session imported from “Hotspot+Block1.txt”	97	PMC_visit5_2mm	(null)	(null)	(null)	(null)	(null)	(null)	(null)	(null)	(null)	(null)	(null)	(null)	(null)	(null)	(null)	(null)	(null)	(null)	(null)	2020-11-16	11:46:56.902	TTL1	Pointer	0.0000	(null)	(null)	(null)	(null)
Sample 98	Session imported from “Hotspot+Block1.txt”	98	PMC_visit5_2mm	(null)	(null)	(null)	(null)	(null)	(null)	(null)	(null)	(null)	(null)	(null)	(null)	(null)	(null)	(null)	(null)	(null)	(null)	(null)	2020-11-16	11:46:57.403	TTL1	Pointer	0.0000	(null)	(null)	(null)	(null)
Sample 99	Session imported from “Hotspot+Block1.txt”	99	PMC_visit5_2mm	(null)	(null)	(null)	(null)	(null)	(null)	(null)	(null)	(null)	(null)	(null)	(null)	(null)	(null)	(null)	(null)	(null)	(null)	(null)	2020-11-16	11:48:20.811	TTL1	Pointer	0.0000	(null)	(null)	(null)	(null)
Sample 100	Session imported from “Hotspot+Block1.txt”	100	PMC_visit5_2mm	178.0402	151.4127	191.5360	-0.6232	0.6607	0.4185	-0.5071	-0.7487	0.4270	0.5954	0.0539	0.8016	(null)	(null)	(null)	(null)	(null)	(null)	(null)	2020-11-16	12:06:27.067	TTL1	 AP Coil	0.0000	(null)	(null)	(null)	(null)
Sample 101	Session imported from “Hotspot+Block1.txt”	101	PMC_visit5_2mm	178.1726	151.4806	191.4326	-0.6229	0.6610	0.4185	-0.5068	-0.7484	0.4277	0.5959	0.0543	0.8012	(null)	(null)	(null)	(null)	(null)	(null)	(null)	2020-11-16	12:06:27.568	TTL1	 AP Coil	0.0000	(null)	(null)	(null)	(null)
Sample 102	Session imported from “Hotspot+Block1.txt”	102	PMC_visit5_2mm	178.2141	151.5016	191.4002	-0.6231	0.6613	0.4176	-0.5066	-0.7481	0.4286	0.5959	0.0555	0.8012	(null)	(null)	(null)	(null)	(null)	(null)	(null)	2020-11-16	12:06:28.069	TTL1	 AP Coil	0.0000	(null)	(null)	(null)	(null)
Sample 103	Session imported from “Hotspot+Block1.txt”	103	PMC_visit5_2mm	178.2024	151.4220	191.4132	-0.6229	0.6628	0.4155	-0.5084	-0.7467	0.4290	0.5946	0.0560	0.8021	(null)	(null)	(null)	(null)	(null)	(null)	(null)	2020-11-16	12:06:28.570	TTL1	 AP Coil	0.0000	(null)	(null)	(null)	(null)
Sample 104	Session imported from “Hotspot+Block1.txt”	104	PMC_visit5_2mm	178.1457	151.4206	191.4561	-0.6246	0.6621	0.4141	-0.5080	-0.7472	0.4284	0.5931	0.0572	0.8031	(null)	(null)	(null)	(null)	(null)	(null)	(null)	2020-11-16	12:06:29.072	TTL1	 AP Coil	0.0000	(null)	(null)	(null)	(null)
Sample 105	Session imported from “Hotspot+Block1.txt”	105	PMC_visit5_2mm	177.9851	151.4429	191.5760	-0.6251	0.6623	0.4132	-0.5079	-0.7470	0.4290	0.5927	0.0583	0.8033	(null)	(null)	(null)	(null)	(null)	(null)	(null)	2020-11-16	12:06:29.573	TTL1	 AP Coil	0.0000	(null)	(null)	(null)	(null)
Sample 106	Session imported from “Hotspot+Block1.txt”	106	PMC_visit5_2mm	177.9735	151.3946	191.5873	-0.6249	0.6628	0.4126	-0.5091	-0.7466	0.4283	0.5919	0.0576	0.8040	(null)	(null)	(null)	(null)	(null)	(null)	(null)	2020-11-16	12:06:30.074	TTL1	 AP Coil	0.0000	(null)	(null)	(null)	(null)
Sample 107	Session imported from “Hotspot+Block1.txt”	107	PMC_visit5_2mm	178.0058	151.4383	191.5606	-0.6252	0.6613	0.4144	-0.5089	-0.7481	0.4259	0.5917	0.0554	0.8043	(null)	(null)	(null)	(null)	(null)	(null)	(null)	2020-11-16	12:06:30.575	TTL1	 AP Coil	0.0000	(null)	(null)	(null)	(null)
Sample 108	Session imported from “Hotspot+Block1.txt”	108	PMC_visit5_2mm	179.1134	151.2905	190.7252	-0.6322	0.6529	0.4172	-0.5038	-0.7555	0.4189	0.5887	0.0546	0.8065	(null)	(null)	(null)	(null)	(null)	(null)	(null)	2020-11-16	12:06:40.977	TTL1	 AP Coil	0.0000	(null)	(null)	(null)	(null)
Sample 109	Session imported from “Hotspot+Block1.txt”	109	PMC_visit5_2mm	178.1381	151.2753	191.4694	-0.6297	0.6563	0.4156	-0.5019	-0.7521	0.4271	0.5929	0.0604	0.8030	(null)	(null)	(null)	(null)	(null)	(null)	(null)	2020-11-16	12:06:41.478	TTL1	 AP Coil	0.0000	(null)	(null)	(null)	(null)
Sample 110	Session imported from “Hotspot+Block1.txt”	110	PMC_visit5_2mm	178.5945	151.4389	191.1166	-0.6341	0.6544	0.4119	-0.5011	-0.7535	0.4256	0.5889	0.0635	0.8057	(null)	(null)	(null)	(null)	(null)	(null)	(null)	2020-11-16	12:06:41.979	TTL1	 AP Coil	0.0000	(null)	(null)	(null)	(null)
Sample 111	Session imported from “Hotspot+Block1.txt”	111	PMC_visit5_2mm	179.1245	151.3482	190.7108	-0.6484	0.6474	0.4007	-0.4987	-0.7588	0.4190	0.5753	0.0719	0.8148	(null)	(null)	(null)	(null)	(null)	(null)	(null)	2020-11-16	12:06:42.480	TTL1	 AP Coil	0.0000	(null)	(null)	(null)	(null)
Sample 112	Session imported from “Hotspot+Block1.txt”	112	PMC_visit5_2mm	178.7191	151.5702	191.0103	-0.6446	0.6499	0.4026	-0.5021	-0.7570	0.4182	0.5766	0.0674	0.8143	(null)	(null)	(null)	(null)	(null)	(null)	(null)	2020-11-16	12:06:42.981	TTL1	 AP Coil	0.0000	(null)	(null)	(null)	(null)
Sample 113	Session imported from “Hotspot+Block1.txt”	113	PMC_visit5_2mm	177.9179	151.1822	191.6414	-0.6379	0.6542	0.4063	-0.5042	-0.7536	0.4217	0.5821	0.0641	0.8106	(null)	(null)	(null)	(null)	(null)	(null)	(null)	2020-11-16	12:06:43.579	TTL1	 AP Coil	0.0000	(null)	(null)	(null)	(null)
Sample 114	Session imported from “Hotspot+Block1.txt”	114	PMC_visit5_2mm	178.0851	151.0641	191.5204	-0.6387	0.6535	0.4061	-0.5019	-0.7539	0.4239	0.5832	0.0670	0.8095	(null)	(null)	(null)	(null)	(null)	(null)	(null)	2020-11-16	12:06:44.081	TTL1	 AP Coil	0.0000	(null)	(null)	(null)	(null)
Sample 115	Session imported from “Hotspot+Block1.txt”	115	PMC_visit5_2mm	178.3123	150.8723	191.3592	-0.6386	0.6538	0.4058	-0.5045	-0.7539	0.4208	0.5811	0.0640	0.8113	(null)	(null)	(null)	(null)	(null)	(null)	(null)	2020-11-16	12:06:44.679	TTL1	 AP Coil	0.0000	(null)	(null)	(null)	(null)
Sample 116	Session imported from “Hotspot+Block1.txt”	116	PMC_visit5_2mm	177.8790	151.5909	191.6649	-0.6193	0.6715	0.4068	-0.5111	-0.7381	0.4403	0.5960	0.0648	0.8004	(null)	(null)	(null)	(null)	(null)	(null)	(null)	2020-11-16	12:06:54.871	TTL1	 AP Coil	0.0000	(null)	(null)	(null)	(null)
Sample 117	Session imported from “Hotspot+Block1.txt”	117	PMC_visit5_2mm	177.9408	151.9240	191.5972	-0.6199	0.6725	0.4044	-0.5124	-0.7372	0.4404	0.5943	0.0658	0.8016	(null)	(null)	(null)	(null)	(null)	(null)	(null)	2020-11-16	12:06:55.373	TTL1	 AP Coil	0.0000	(null)	(null)	(null)	(null)
Sample 118	Session imported from “Hotspot+Block1.txt”	118	PMC_visit5_2mm	177.9279	151.9042	191.6098	-0.6192	0.6728	0.4050	-0.5141	-0.7371	0.4385	0.5935	0.0633	0.8023	(null)	(null)	(null)	(null)	(null)	(null)	(null)	2020-11-16	12:06:55.874	TTL1	 AP Coil	0.0000	(null)	(null)	(null)	(null)
Sample 119	Session imported from “Hotspot+Block1.txt”	119	PMC_visit5_2mm	177.9253	151.8728	191.6132	-0.6187	0.6729	0.4055	-0.5153	-0.7372	0.4370	0.5930	0.0614	0.8029	(null)	(null)	(null)	(null)	(null)	(null)	(null)	2020-11-16	12:06:56.375	TTL1	 AP Coil	0.0000	(null)	(null)	(null)	(null)
Sample 120	Session imported from “Hotspot+Block1.txt”	120	PMC_visit5_2mm	178.0514	151.7068	191.5122	-0.6193	0.6725	0.4052	-0.5159	-0.7376	0.4357	0.5919	0.0608	0.8037	(null)	(null)	(null)	(null)	(null)	(null)	(null)	2020-11-16	12:06:56.877	TTL1	 AP Coil	0.0000	(null)	(null)	(null)	(null)
Sample 121	Session imported from “Hotspot+Block1.txt”	121	PMC_visit5_2mm	177.9585	151.5515	191.5923	-0.6191	0.6726	0.4053	-0.5151	-0.7374	0.4369	0.5927	0.0617	0.8030	(null)	(null)	(null)	(null)	(null)	(null)	(null)	2020-11-16	12:06:57.378	TTL1	 AP Coil	0.0000	(null)	(null)	(null)	(null)
Sample 122	Session imported from “Hotspot+Block1.txt”	122	PMC_visit5_2mm	178.0770	151.5692	191.5001	-0.6198	0.6725	0.4044	-0.5151	-0.7374	0.4368	0.5920	0.0624	0.8035	(null)	(null)	(null)	(null)	(null)	(null)	(null)	2020-11-16	12:06:57.879	TTL1	 AP Coil	0.0000	(null)	(null)	(null)	(null)
Sample 123	Session imported from “Hotspot+Block1.txt”	123	PMC_visit5_2mm	177.9739	151.8160	191.5698	-0.6205	0.6721	0.4040	-0.5157	-0.7379	0.4355	0.5908	0.0619	0.8044	(null)	(null)	(null)	(null)	(null)	(null)	(null)	2020-11-16	12:06:58.381	TTL1	 AP Coil	0.0000	(null)	(null)	(null)	(null)
Sample 124	Session imported from “Hotspot+Block1.txt”	124	PMC_visit5_2mm	178.0866	151.7375	191.4840	-0.6006	0.6772	0.4251	-0.5128	-0.7342	0.4450	0.6134	0.0493	0.7882	(null)	(null)	(null)	(null)	(null)	(null)	(null)	2020-11-16	12:07:08.779	TTL1	 AP Coil	0.0000	(null)	(null)	(null)	(null)
Sample 125	Session imported from “Hotspot+Block1.txt”	125	PMC_visit5_2mm	177.8232	151.7271	191.7125	-0.6036	0.6742	0.4256	-0.5129	-0.7370	0.4401	0.6104	0.0474	0.7907	(null)	(null)	(null)	(null)	(null)	(null)	(null)	2020-11-16	12:07:09.281	TTL1	 AP Coil	0.0000	(null)	(null)	(null)	(null)
Sample 126	Session imported from “Hotspot+Block1.txt”	126	PMC_visit5_2mm	178.3032	151.1716	191.3503	-0.6074	0.6716	0.4242	-0.5117	-0.7393	0.4377	0.6076	0.0488	0.7927	(null)	(null)	(null)	(null)	(null)	(null)	(null)	2020-11-16	12:07:09.782	TTL1	 AP Coil	0.0000	(null)	(null)	(null)	(null)
Sample 127	Session imported from “Hotspot+Block1.txt”	127	PMC_visit5_2mm	178.2198	151.3566	191.4035	-0.6105	0.6694	0.4232	-0.5094	-0.7411	0.4374	0.6064	0.0515	0.7935	(null)	(null)	(null)	(null)	(null)	(null)	(null)	2020-11-16	12:07:10.283	TTL1	 AP Coil	0.0000	(null)	(null)	(null)	(null)
Sample 128	Session imported from “Hotspot+Block1.txt”	128	PMC_visit5_2mm	178.1014	151.4282	191.4890	-0.6119	0.6700	0.4202	-0.5087	-0.7403	0.4395	0.6056	0.0552	0.7939	(null)	(null)	(null)	(null)	(null)	(null)	(null)	2020-11-16	12:07:10.784	TTL1	 AP Coil	0.0000	(null)	(null)	(null)	(null)
Sample 129	Session imported from “Hotspot+Block1.txt”	129	PMC_visit5_2mm	177.8601	151.5859	191.6826	-0.6094	0.6716	0.4214	-0.5087	-0.7389	0.4419	0.6081	0.0549	0.7919	(null)	(null)	(null)	(null)	(null)	(null)	(null)	2020-11-16	12:07:11.285	TTL1	 AP Coil	0.0000	(null)	(null)	(null)	(null)
Sample 130	Session imported from “Hotspot+Block1.txt”	130	PMC_visit5_2mm	177.9985	151.6531	191.5549	-0.6113	0.6704	0.4206	-0.5090	-0.7400	0.4397	0.6060	0.0547	0.7936	(null)	(null)	(null)	(null)	(null)	(null)	(null)	2020-11-16	12:07:11.883	TTL1	 AP Coil	0.0000	(null)	(null)	(null)	(null)
Sample 131	Session imported from “Hotspot+Block1.txt”	131	PMC_visit5_2mm	178.2484	151.5220	191.3733	-0.6113	0.6710	0.4195	-0.5072	-0.7391	0.4432	0.6075	0.0582	0.7922	(null)	(null)	(null)	(null)	(null)	(null)	(null)	2020-11-16	12:07:12.384	TTL1	 AP Coil	0.0000	(null)	(null)	(null)	(null)
Sample 132	Session imported from “Hotspot+Block1.txt”	132	PMC_visit5_2mm	179.1457	150.5616	190.7808	-0.5994	0.6815	0.4199	-0.5243	-0.7306	0.4374	0.6049	0.0421	0.7952	(null)	(null)	(null)	(null)	(null)	(null)	(null)	2020-11-16	12:07:22.673	TTL1	 AP Coil	0.0000	(null)	(null)	(null)	(null)
Sample 133	Session imported from “Hotspot+Block1.txt”	133	PMC_visit5_2mm	178.9264	150.8606	190.9025	-0.5922	0.6876	0.4202	-0.5269	-0.7249	0.4437	0.6097	0.0414	0.7916	(null)	(null)	(null)	(null)	(null)	(null)	(null)	2020-11-16	12:07:23.174	TTL1	 AP Coil	0.0000	(null)	(null)	(null)	(null)
Sample 134	Session imported from “Hotspot+Block1.txt”	134	PMC_visit5_2mm	178.1510	151.6865	191.4381	-0.5923	0.6875	0.4203	-0.5306	-0.7253	0.4387	0.6064	0.0368	0.7943	(null)	(null)	(null)	(null)	(null)	(null)	(null)	2020-11-16	12:07:23.676	TTL1	 AP Coil	0.0000	(null)	(null)	(null)	(null)
Sample 135	Session imported from “Hotspot+Block1.txt”	135	PMC_visit5_2mm	178.2656	151.4003	191.3667	-0.5959	0.6846	0.4198	-0.5285	-0.7279	0.4368	0.6046	0.0384	0.7956	(null)	(null)	(null)	(null)	(null)	(null)	(null)	2020-11-16	12:07:24.177	TTL1	 AP Coil	0.0000	(null)	(null)	(null)	(null)
Sample 136	Session imported from “Hotspot+Block1.txt”	136	PMC_visit5_2mm	178.6567	151.3886	191.0724	-0.5997	0.6829	0.4171	-0.5276	-0.7293	0.4355	0.6016	0.0411	0.7977	(null)	(null)	(null)	(null)	(null)	(null)	(null)	2020-11-16	12:07:24.678	TTL1	 AP Coil	0.0000	(null)	(null)	(null)	(null)
Sample 137	Session imported from “Hotspot+Block1.txt”	137	PMC_visit5_2mm	178.2790	151.3847	191.3574	-0.5993	0.6827	0.4180	-0.5271	-0.7295	0.4359	0.6025	0.0409	0.7970	(null)	(null)	(null)	(null)	(null)	(null)	(null)	2020-11-16	12:07:25.180	TTL1	 AP Coil	0.0000	(null)	(null)	(null)	(null)
Sample 138	Session imported from “Hotspot+Block1.txt”	138	PMC_visit5_2mm	178.1728	151.4506	191.4340	-0.5976	0.6840	0.4183	-0.5270	-0.7283	0.4381	0.6043	0.0414	0.7957	(null)	(null)	(null)	(null)	(null)	(null)	(null)	2020-11-16	12:07:25.681	TTL1	 AP Coil	0.0000	(null)	(null)	(null)	(null)
Sample 139	Session imported from “Hotspot+Block1.txt”	139	PMC_visit5_2mm	178.2105	151.4749	191.4044	-0.5992	0.6831	0.4175	-0.5250	-0.7290	0.4393	0.6044	0.0440	0.7954	(null)	(null)	(null)	(null)	(null)	(null)	(null)	2020-11-16	12:07:26.182	TTL1	 AP Coil	0.0000	(null)	(null)	(null)	(null)
Sample 140	Session imported from “Hotspot+Block1.txt”	140	PMC_visit5_2mm	178.2681	151.7302	191.3475	-0.6029	0.6859	0.4075	-0.5239	-0.7256	0.4462	0.6017	0.0555	0.7968	(null)	(null)	(null)	(null)	(null)	(null)	(null)	2020-11-16	12:07:36.581	TTL1	 AP Coil	0.0000	(null)	(null)	(null)	(null)
Sample 141	Session imported from “Hotspot+Block1.txt”	141	PMC_visit5_2mm	178.2872	151.5317	191.3435	-0.6033	0.6864	0.4061	-0.5234	-0.7250	0.4477	0.6017	0.0575	0.7966	(null)	(null)	(null)	(null)	(null)	(null)	(null)	2020-11-16	12:07:37.082	TTL1	 AP Coil	0.0000	(null)	(null)	(null)	(null)
Sample 142	Session imported from “Hotspot+Block1.txt”	142	PMC_visit5_2mm	178.4486	151.5293	191.2219	-0.6054	0.6849	0.4056	-0.5238	-0.7264	0.4449	0.5993	0.0569	0.7985	(null)	(null)	(null)	(null)	(null)	(null)	(null)	2020-11-16	12:07:37.584	TTL1	 AP Coil	0.0000	(null)	(null)	(null)	(null)
Sample 143	Session imported from “Hotspot+Block1.txt”	143	PMC_visit5_2mm	178.4682	151.3614	191.2160	-0.6041	0.6848	0.4075	-0.5236	-0.7266	0.4449	0.6008	0.0554	0.7975	(null)	(null)	(null)	(null)	(null)	(null)	(null)	2020-11-16	12:07:38.085	TTL1	 AP Coil	0.0000	(null)	(null)	(null)	(null)
Sample 144	Session imported from “Hotspot+Block1.txt”	144	PMC_visit5_2mm	178.6117	151.1871	191.1169	-0.6052	0.6846	0.4064	-0.5231	-0.7267	0.4452	0.6001	0.0568	0.7979	(null)	(null)	(null)	(null)	(null)	(null)	(null)	2020-11-16	12:07:38.586	TTL1	 AP Coil	0.0000	(null)	(null)	(null)	(null)
Sample 145	Session imported from “Hotspot+Block1.txt”	145	PMC_visit5_2mm	178.5486	151.2138	191.1631	-0.6045	0.6852	0.4063	-0.5245	-0.7262	0.4444	0.5996	0.0555	0.7984	(null)	(null)	(null)	(null)	(null)	(null)	(null)	2020-11-16	12:07:39.088	TTL1	 AP Coil	0.0000	(null)	(null)	(null)	(null)
Sample 146	Session imported from “Hotspot+Block1.txt”	146	PMC_visit5_2mm	178.2875	151.6160	191.3388	-0.6048	0.6854	0.4055	-0.5253	-0.7261	0.4437	0.5985	0.0553	0.7992	(null)	(null)	(null)	(null)	(null)	(null)	(null)	2020-11-16	12:07:39.687	TTL1	 AP Coil	0.0000	(null)	(null)	(null)	(null)
Sample 147	Session imported from “Hotspot+Block1.txt”	147	PMC_visit5_2mm	178.4206	151.3661	191.2516	-0.6051	0.6856	0.4048	-0.5261	-0.7259	0.4430	0.5976	0.0551	0.7999	(null)	(null)	(null)	(null)	(null)	(null)	(null)	2020-11-16	12:07:40.188	TTL1	 AP Coil	0.0000	(null)	(null)	(null)	(null)
Sample 148	Session imported from “Hotspot+Block1.txt”	148	PMC_visit5_2mm	178.6658	151.1775	191.0766	-0.6376	0.6521	0.4102	-0.4965	-0.7549	0.4285	0.5891	0.0695	0.8051	(null)	(null)	(null)	(null)	(null)	(null)	(null)	2020-11-16	12:07:50.487	TTL1	 AP Coil	0.0000	(null)	(null)	(null)	(null)
Sample 149	Session imported from “Hotspot+Block1.txt”	149	PMC_visit5_2mm	178.4590	151.1851	191.2321	-0.6380	0.6506	0.4119	-0.4957	-0.7563	0.4269	0.5893	0.0682	0.8050	(null)	(null)	(null)	(null)	(null)	(null)	(null)	2020-11-16	12:07:50.988	TTL1	 AP Coil	0.0000	(null)	(null)	(null)	(null)
Sample 150	Session imported from “Hotspot+Block1.txt”	150	PMC_visit5_2mm	178.4495	151.1149	191.2429	-0.6354	0.6524	0.4130	-0.4970	-0.7549	0.4279	0.5910	0.0666	0.8039	(null)	(null)	(null)	(null)	(null)	(null)	(null)	2020-11-16	12:07:51.489	TTL1	 AP Coil	0.0000	(null)	(null)	(null)	(null)
Sample 151	Session imported from “Hotspot+Block1.txt”	151	PMC_visit5_2mm	178.4751	151.4411	191.2065	-0.6396	0.6507	0.4093	-0.4939	-0.7559	0.4298	0.5890	0.0727	0.8048	(null)	(null)	(null)	(null)	(null)	(null)	(null)	2020-11-16	12:07:52.088	TTL1	 AP Coil	0.0000	(null)	(null)	(null)	(null)
Sample 152	Session imported from “Hotspot+Block1.txt”	152	PMC_visit5_2mm	178.5308	151.5262	191.1601	-0.6434	0.6494	0.4054	-0.4932	-0.7566	0.4292	0.5855	0.0762	0.8071	(null)	(null)	(null)	(null)	(null)	(null)	(null)	2020-11-16	12:07:52.589	TTL1	 AP Coil	0.0000	(null)	(null)	(null)	(null)
Sample 153	Session imported from “Hotspot+Block1.txt”	153	PMC_visit5_2mm	178.8036	151.2492	190.9689	-0.6431	0.6498	0.4052	-0.4930	-0.7562	0.4303	0.5860	0.0770	0.8066	(null)	(null)	(null)	(null)	(null)	(null)	(null)	2020-11-16	12:07:53.090	TTL1	 AP Coil	0.0000	(null)	(null)	(null)	(null)
Sample 154	Session imported from “Hotspot+Block1.txt”	154	PMC_visit5_2mm	178.7708	151.1876	190.9969	-0.6436	0.6496	0.4048	-0.4916	-0.7562	0.4319	0.5866	0.0790	0.8060	(null)	(null)	(null)	(null)	(null)	(null)	(null)	2020-11-16	12:07:53.689	TTL1	 AP Coil	0.0000	(null)	(null)	(null)	(null)
Sample 155	Session imported from “Hotspot+Block1.txt”	155	PMC_visit5_2mm	178.4297	151.7572	191.2242	-0.6414	0.6509	0.4060	-0.4924	-0.7552	0.4327	0.5883	0.0776	0.8049	(null)	(null)	(null)	(null)	(null)	(null)	(null)	2020-11-16	12:07:54.190	TTL1	 AP Coil	0.0000	(null)	(null)	(null)	(null)
Sample 156	Session imported from “Hotspot+Block1.txt”	156	PMC_visit5_2mm	178.2405	151.3188	191.3899	-0.6399	0.6486	0.4121	-0.4957	-0.7582	0.4235	0.5872	0.0667	0.8067	(null)	(null)	(null)	(null)	(null)	(null)	(null)	2020-11-16	12:08:04.381	TTL1	 AP Coil	0.0000	(null)	(null)	(null)	(null)
Sample 157	Session imported from “Hotspot+Block1.txt”	157	PMC_visit5_2mm	178.5457	151.2101	191.1654	-0.6413	0.6468	0.4128	-0.4950	-0.7598	0.4215	0.5863	0.0660	0.8074	(null)	(null)	(null)	(null)	(null)	(null)	(null)	2020-11-16	12:08:04.883	TTL1	 AP Coil	0.0000	(null)	(null)	(null)	(null)
Sample 158	Session imported from “Hotspot+Block1.txt”	158	PMC_visit5_2mm	178.5183	150.9774	191.1983	-0.6398	0.6484	0.4126	-0.4966	-0.7585	0.4219	0.5865	0.0650	0.8073	(null)	(null)	(null)	(null)	(null)	(null)	(null)	2020-11-16	12:08:05.383	TTL1	 AP Coil	0.0000	(null)	(null)	(null)	(null)
Sample 159	Session imported from “Hotspot+Block1.txt”	159	PMC_visit5_2mm	178.4776	150.7914	191.2416	-0.6368	0.6503	0.4143	-0.4976	-0.7570	0.4235	0.5890	0.0635	0.8056	(null)	(null)	(null)	(null)	(null)	(null)	(null)	2020-11-16	12:08:05.885	TTL1	 AP Coil	0.0000	(null)	(null)	(null)	(null)
Sample 160	Session imported from “Hotspot+Block1.txt”	160	PMC_visit5_2mm	178.4980	150.9498	191.2150	-0.6377	0.6492	0.4145	-0.4957	-0.7578	0.4243	0.5896	0.0651	0.8051	(null)	(null)	(null)	(null)	(null)	(null)	(null)	2020-11-16	12:08:06.385	TTL1	 AP Coil	0.0000	(null)	(null)	(null)	(null)
Sample 161	Session imported from “Hotspot+Block1.txt”	161	PMC_visit5_2mm	178.5732	150.8782	191.1634	-0.6384	0.6491	0.4137	-0.4947	-0.7578	0.4255	0.5896	0.0669	0.8049	(null)	(null)	(null)	(null)	(null)	(null)	(null)	2020-11-16	12:08:06.886	TTL1	 AP Coil	0.0000	(null)	(null)	(null)	(null)
Sample 162	Session imported from “Hotspot+Block1.txt”	162	PMC_visit5_2mm	178.6708	150.8400	191.0941	-0.6399	0.6481	0.4129	-0.4948	-0.7586	0.4239	0.5880	0.0670	0.8061	(null)	(null)	(null)	(null)	(null)	(null)	(null)	2020-11-16	12:08:07.388	TTL1	 AP Coil	0.0000	(null)	(null)	(null)	(null)
Sample 163	Session imported from “Hotspot+Block1.txt”	163	PMC_visit5_2mm	178.6719	150.5121	191.1201	-0.6402	0.6482	0.4124	-0.4942	-0.7584	0.4249	0.5882	0.0682	0.8059	(null)	(null)	(null)	(null)	(null)	(null)	(null)	2020-11-16	12:08:07.889	TTL1	 AP Coil	0.0000	(null)	(null)	(null)	(null)
Sample 164	Session imported from “Hotspot+Block1.txt”	164	PMC_visit5_2mm	179.4431	150.7104	190.5655	-0.6447	0.6608	0.3844	-0.5179	-0.7474	0.4161	0.5623	0.0692	0.8241	(null)	(null)	(null)	(null)	(null)	(null)	(null)	2020-11-16	12:08:18.289	TTL1	 AP Coil	0.0000	(null)	(null)	(null)	(null)
Sample 165	Session imported from “Hotspot+Block1.txt”	165	PMC_visit5_2mm	179.5057	150.7906	190.5155	-0.6496	0.6551	0.3858	-0.5224	-0.7533	0.3996	0.5524	0.0580	0.8316	(null)	(null)	(null)	(null)	(null)	(null)	(null)	2020-11-16	12:08:18.791	TTL1	 AP Coil	0.0000	(null)	(null)	(null)	(null)
Sample 166	Session imported from “Hotspot+Block1.txt”	166	PMC_visit5_2mm	178.6743	151.4360	191.0566	-0.6407	0.6608	0.3909	-0.5255	-0.7486	0.4043	0.5598	0.0536	0.8269	(null)	(null)	(null)	(null)	(null)	(null)	(null)	2020-11-16	12:08:19.292	TTL1	 AP Coil	0.0000	(null)	(null)	(null)	(null)
Sample 167	Session imported from “Hotspot+Block1.txt”	167	PMC_visit5_2mm	178.6557	151.2694	191.0794	-0.6259	0.6683	0.4020	-0.5290	-0.7426	0.4108	0.5731	0.0445	0.8183	(null)	(null)	(null)	(null)	(null)	(null)	(null)	2020-11-16	12:08:19.793	TTL1	 AP Coil	0.0000	(null)	(null)	(null)	(null)
Sample 168	Session imported from “Hotspot+Block1.txt”	168	PMC_visit5_2mm	178.6465	151.4732	191.0757	-0.6289	0.6672	0.3992	-0.5288	-0.7434	0.4095	0.5700	0.0464	0.8203	(null)	(null)	(null)	(null)	(null)	(null)	(null)	2020-11-16	12:08:20.392	TTL1	 AP Coil	0.0000	(null)	(null)	(null)	(null)
Sample 169	Session imported from “Hotspot+Block1.txt”	169	PMC_visit5_2mm	178.5182	151.3326	191.1798	-0.6273	0.6677	0.4009	-0.5278	-0.7430	0.4115	0.5726	0.0466	0.8185	(null)	(null)	(null)	(null)	(null)	(null)	(null)	2020-11-16	12:08:20.893	TTL1	 AP Coil	0.0000	(null)	(null)	(null)	(null)
Sample 170	Session imported from “Hotspot+Block1.txt”	170	PMC_visit5_2mm	178.5703	151.3192	191.1412	-0.6278	0.6680	0.3995	-0.5275	-0.7426	0.4127	0.5724	0.0484	0.8186	(null)	(null)	(null)	(null)	(null)	(null)	(null)	2020-11-16	12:08:21.492	TTL1	 AP Coil	0.0000	(null)	(null)	(null)	(null)
Sample 171	Session imported from “Hotspot+Block1.txt”	171	PMC_visit5_2mm	178.6780	151.3595	191.0578	-0.6287	0.6675	0.3988	-0.5270	-0.7429	0.4127	0.5718	0.0493	0.8189	(null)	(null)	(null)	(null)	(null)	(null)	(null)	2020-11-16	12:08:21.993	TTL1	 AP Coil	0.0000	(null)	(null)	(null)	(null)
Sample 172	Session imported from “Hotspot+Block1.txt”	172	PMC_visit5_2mm	178.9749	151.4922	190.8103	-0.6427	0.6526	0.4014	-0.4913	-0.7530	0.4377	0.5879	0.0841	0.8046	(null)	(null)	(null)	(null)	(null)	(null)	(null)	2020-11-16	12:08:32.195	TTL1	 AP Coil	0.0000	(null)	(null)	(null)	(null)
Sample 173	Session imported from “Hotspot+Block1.txt”	173	PMC_visit5_2mm	178.4071	152.1554	191.1997	-0.6413	0.6534	0.4021	-0.4935	-0.7526	0.4359	0.5875	0.0811	0.8052	(null)	(null)	(null)	(null)	(null)	(null)	(null)	2020-11-16	12:08:32.794	TTL1	 AP Coil	0.0000	(null)	(null)	(null)	(null)
Sample 174	Session imported from “Hotspot+Block1.txt”	174	PMC_visit5_2mm	178.5161	151.6899	191.1627	-0.6404	0.6522	0.4056	-0.4907	-0.7537	0.4372	0.5908	0.0810	0.8027	(null)	(null)	(null)	(null)	(null)	(null)	(null)	2020-11-16	12:08:33.295	TTL1	 AP Coil	0.0000	(null)	(null)	(null)	(null)
Sample 175	Session imported from “Hotspot+Block1.txt”	175	PMC_visit5_2mm	178.5738	151.3810	191.1353	-0.6410	0.6506	0.4072	-0.4891	-0.7551	0.4365	0.5915	0.0806	0.8023	(null)	(null)	(null)	(null)	(null)	(null)	(null)	2020-11-16	12:08:33.893	TTL1	 AP Coil	0.0000	(null)	(null)	(null)	(null)
Sample 176	Session imported from “Hotspot+Block1.txt”	176	PMC_visit5_2mm	178.7619	151.2299	191.0013	-0.6409	0.6510	0.4068	-0.4894	-0.7548	0.4368	0.5914	0.0809	0.8023	(null)	(null)	(null)	(null)	(null)	(null)	(null)	2020-11-16	12:08:34.395	TTL1	 AP Coil	0.0000	(null)	(null)	(null)	(null)
Sample 177	Session imported from “Hotspot+Block1.txt”	177	PMC_visit5_2mm	178.2510	151.1480	191.3909	-0.6392	0.6526	0.4069	-0.4909	-0.7535	0.4373	0.5920	0.0798	0.8020	(null)	(null)	(null)	(null)	(null)	(null)	(null)	2020-11-16	12:08:34.896	TTL1	 AP Coil	0.0000	(null)	(null)	(null)	(null)
Sample 178	Session imported from “Hotspot+Block1.txt”	178	PMC_visit5_2mm	178.4055	150.7095	191.3018	-0.6398	0.6501	0.4100	-0.4895	-0.7559	0.4348	0.5925	0.0775	0.8018	(null)	(null)	(null)	(null)	(null)	(null)	(null)	2020-11-16	12:08:35.494	TTL1	 AP Coil	0.0000	(null)	(null)	(null)	(null)
Sample 179	Session imported from “Hotspot+Block1.txt”	179	PMC_visit5_2mm	178.5405	150.6854	191.2035	-0.6419	0.6480	0.4100	-0.4869	-0.7575	0.4348	0.5923	0.0795	0.8018	(null)	(null)	(null)	(null)	(null)	(null)	(null)	2020-11-16	12:08:35.996	TTL1	 AP Coil	0.0000	(null)	(null)	(null)	(null)
Sample 180	Session imported from “Hotspot+Block1.txt”	180	PMC_visit5_2mm	178.3250	151.6177	191.3105	-0.6998	0.5780	0.4199	-0.4335	-0.8107	0.3935	0.5678	0.0933	0.8178	(null)	(null)	(null)	(null)	(null)	(null)	(null)	2020-11-16	12:08:46.088	TTL1	 AP Coil	0.0000	(null)	(null)	(null)	(null)
Sample 181	Session imported from “Hotspot+Block1.txt”	181	PMC_visit5_2mm	178.5189	151.3775	191.1768	-0.6931	0.5774	0.4316	-0.4310	-0.8118	0.3939	0.5778	0.0869	0.8115	(null)	(null)	(null)	(null)	(null)	(null)	(null)	2020-11-16	12:08:46.590	TTL1	 AP Coil	0.0000	(null)	(null)	(null)	(null)
Sample 182	Session imported from “Hotspot+Block1.txt”	182	PMC_visit5_2mm	178.6647	151.3668	191.0675	-0.6923	0.5771	0.4332	-0.4307	-0.8121	0.3936	0.5789	0.0859	0.8108	(null)	(null)	(null)	(null)	(null)	(null)	(null)	2020-11-16	12:08:47.091	TTL1	 AP Coil	0.0000	(null)	(null)	(null)	(null)
Sample 183	Session imported from “Hotspot+Block1.txt”	183	PMC_visit5_2mm	178.6638	151.5392	191.0590	-0.6931	0.5768	0.4324	-0.4295	-0.8121	0.3949	0.5789	0.0880	0.8106	(null)	(null)	(null)	(null)	(null)	(null)	(null)	2020-11-16	12:08:47.593	TTL1	 AP Coil	0.0000	(null)	(null)	(null)	(null)
Sample 184	Session imported from “Hotspot+Block1.txt”	184	PMC_visit5_2mm	178.7604	151.3137	190.9981	-0.6936	0.5757	0.4330	-0.4283	-0.8129	0.3946	0.5792	0.0882	0.8104	(null)	(null)	(null)	(null)	(null)	(null)	(null)	2020-11-16	12:08:48.093	TTL1	 AP Coil	0.0000	(null)	(null)	(null)	(null)
Sample 185	Session imported from “Hotspot+Block1.txt”	185	PMC_visit5_2mm	178.7774	151.2594	190.9881	-0.6936	0.5754	0.4335	-0.4273	-0.8130	0.3955	0.5800	0.0891	0.8097	(null)	(null)	(null)	(null)	(null)	(null)	(null)	2020-11-16	12:08:48.595	TTL1	 AP Coil	0.0000	(null)	(null)	(null)	(null)
Sample 186	Session imported from “Hotspot+Block1.txt”	186	PMC_visit5_2mm	178.6547	151.1368	191.0871	-0.6950	0.5746	0.4321	-0.4267	-0.8134	0.3954	0.5787	0.0904	0.8105	(null)	(null)	(null)	(null)	(null)	(null)	(null)	2020-11-16	12:08:49.096	TTL1	 AP Coil	0.0000	(null)	(null)	(null)	(null)
Sample 187	Session imported from “Hotspot+Block1.txt”	187	PMC_visit5_2mm	178.3408	151.0039	191.3308	-0.6926	0.5771	0.4326	-0.4297	-0.8119	0.3951	0.5793	0.0878	0.8104	(null)	(null)	(null)	(null)	(null)	(null)	(null)	2020-11-16	12:08:49.597	TTL1	 AP Coil	0.0000	(null)	(null)	(null)	(null)
Sample 188	Session imported from “Hotspot+Block1.txt”	188	PMC_visit5_2mm	178.1565	151.2686	191.4559	-0.6396	0.6611	0.3921	-0.4906	-0.7439	0.4538	0.5917	0.0979	0.8002	(null)	(null)	(null)	(null)	(null)	(null)	(null)	2020-11-16	12:08:59.997	TTL1	 AP Coil	0.0000	(null)	(null)	(null)	(null)
Sample 189	Session imported from “Hotspot+Block1.txt”	189	PMC_visit5_2mm	178.3200	151.1527	191.3387	-0.6413	0.6588	0.3933	-0.4885	-0.7459	0.4528	0.5917	0.0983	0.8002	(null)	(null)	(null)	(null)	(null)	(null)	(null)	2020-11-16	12:09:00.498	TTL1	 AP Coil	0.0000	(null)	(null)	(null)	(null)
Sample 190	Session imported from “Hotspot+Block1.txt”	190	PMC_visit5_2mm	178.4442	151.0361	191.2511	-0.6429	0.6577	0.3925	-0.4882	-0.7468	0.4516	0.5902	0.0987	0.8012	(null)	(null)	(null)	(null)	(null)	(null)	(null)	2020-11-16	12:09:00.999	TTL1	 AP Coil	0.0000	(null)	(null)	(null)	(null)
Sample 191	Session imported from “Hotspot+Block1.txt”	191	PMC_visit5_2mm	178.0626	151.0919	191.5359	-0.6411	0.6591	0.3933	-0.4886	-0.7456	0.4531	0.5919	0.0983	0.8000	(null)	(null)	(null)	(null)	(null)	(null)	(null)	2020-11-16	12:09:01.597	TTL1	 AP Coil	0.0000	(null)	(null)	(null)	(null)
Sample 192	Session imported from “Hotspot+Block1.txt”	192	PMC_visit5_2mm	177.8161	151.2016	191.7354	-0.6402	0.6589	0.3950	-0.4871	-0.7458	0.4545	0.5940	0.0986	0.7984	(null)	(null)	(null)	(null)	(null)	(null)	(null)	2020-11-16	12:09:02.098	TTL1	 AP Coil	0.0000	(null)	(null)	(null)	(null)
Sample 193	Session imported from “Hotspot+Block1.txt”	193	PMC_visit5_2mm	178.0081	151.0230	191.5806	-0.6434	0.6567	0.3935	-0.4840	-0.7472	0.4555	0.5931	0.1026	0.7985	(null)	(null)	(null)	(null)	(null)	(null)	(null)	2020-11-16	12:09:02.697	TTL1	 AP Coil	0.0000	(null)	(null)	(null)	(null)
Sample 194	Session imported from “Hotspot+Block1.txt”	194	PMC_visit5_2mm	178.0481	151.0776	191.5476	-0.6433	0.6569	0.3932	-0.4844	-0.7470	0.4554	0.5929	0.1025	0.7987	(null)	(null)	(null)	(null)	(null)	(null)	(null)	2020-11-16	12:09:03.198	TTL1	 AP Coil	0.0000	(null)	(null)	(null)	(null)
Sample 195	Session imported from “Hotspot+Block1.txt”	195	PMC_visit5_2mm	178.2986	150.9663	191.3645	-0.6455	0.6552	0.3926	-0.4819	-0.7481	0.4561	0.5925	0.1052	0.7986	(null)	(null)	(null)	(null)	(null)	(null)	(null)	2020-11-16	12:09:03.699	TTL1	 AP Coil	0.0000	(null)	(null)	(null)	(null)
Sample 196	Session imported from “Hotspot+Block1.txt”	196	PMC_visit5_2mm	178.2468	150.9081	191.4066	-0.6688	0.6225	0.4064	-0.4517	-0.7745	0.4429	0.5905	0.1126	0.7992	(null)	(null)	(null)	(null)	(null)	(null)	(null)	2020-11-16	12:09:13.890	TTL1	 AP Coil	0.0000	(null)	(null)	(null)	(null)
Sample 197	Session imported from “Hotspot+Block1.txt”	197	PMC_visit5_2mm	178.4310	150.7179	191.2821	-0.6684	0.6219	0.4080	-0.4499	-0.7749	0.4440	0.5923	0.1132	0.7977	(null)	(null)	(null)	(null)	(null)	(null)	(null)	2020-11-16	12:09:14.391	TTL1	 AP Coil	0.0000	(null)	(null)	(null)	(null)
Sample 198	Session imported from “Hotspot+Block1.txt”	198	PMC_visit5_2mm	178.2559	150.8987	191.4003	-0.6689	0.6223	0.4067	-0.4493	-0.7742	0.4457	0.5922	0.1154	0.7975	(null)	(null)	(null)	(null)	(null)	(null)	(null)	2020-11-16	12:09:14.892	TTL1	 AP Coil	0.0000	(null)	(null)	(null)	(null)
Sample 199	Session imported from “Hotspot+Block1.txt”	199	PMC_visit5_2mm	178.0523	151.2158	191.5372	-0.6707	0.6204	0.4066	-0.4464	-0.7754	0.4467	0.5924	0.1181	0.7970	(null)	(null)	(null)	(null)	(null)	(null)	(null)	2020-11-16	12:09:15.393	TTL1	 AP Coil	0.0000	(null)	(null)	(null)	(null)
Sample 200	Session imported from “Hotspot+Block1.txt”	200	PMC_visit5_2mm	178.4525	151.6750	191.2114	-0.6747	0.6161	0.4064	-0.4420	-0.7783	0.4460	0.5911	0.1213	0.7975	(null)	(null)	(null)	(null)	(null)	(null)	(null)	2020-11-16	12:09:15.895	TTL1	 AP Coil	0.0000	(null)	(null)	(null)	(null)
Sample 201	Session imported from “Hotspot+Block1.txt”	201	PMC_visit5_2mm	178.6150	151.6341	191.0882	-0.6753	0.6154	0.4066	-0.4412	-0.7788	0.4460	0.5911	0.1218	0.7974	(null)	(null)	(null)	(null)	(null)	(null)	(null)	2020-11-16	12:09:16.396	TTL1	 AP Coil	0.0000	(null)	(null)	(null)	(null)
Sample 202	Session imported from “Hotspot+Block1.txt”	202	PMC_visit5_2mm	178.7747	151.6090	190.9606	-0.6762	0.6144	0.4065	-0.4404	-0.7794	0.4455	0.5906	0.1222	0.7976	(null)	(null)	(null)	(null)	(null)	(null)	(null)	2020-11-16	12:09:16.897	TTL1	 AP Coil	0.0000	(null)	(null)	(null)	(null)
Sample 203	Session imported from “Hotspot+Block1.txt”	203	PMC_visit5_2mm	178.5452	151.6574	191.1424	-0.6771	0.6143	0.4052	-0.4420	-0.7797	0.4434	0.5883	0.1211	0.7995	(null)	(null)	(null)	(null)	(null)	(null)	(null)	2020-11-16	12:09:17.399	TTL1	 AP Coil	0.0000	(null)	(null)	(null)	(null)
Sample 204	Session imported from “Hotspot+Block1.txt”	204	PMC_visit5_2mm	178.7500	151.4098	191.0009	-0.6556	0.6285	0.4186	-0.4989	-0.7766	0.3847	0.5669	0.0434	0.8227	(null)	(null)	(null)	(null)	(null)	(null)	(null)	2020-11-16	12:09:27.798	TTL1	 AP Coil	0.0000	(null)	(null)	(null)	(null)
Sample 205	Session imported from “Hotspot+Block1.txt”	205	PMC_visit5_2mm	178.6246	151.2439	191.1041	-0.6519	0.6344	0.4154	-0.5064	-0.7720	0.3842	0.5644	0.0401	0.8245	(null)	(null)	(null)	(null)	(null)	(null)	(null)	2020-11-16	12:09:28.300	TTL1	 AP Coil	0.0000	(null)	(null)	(null)	(null)
Sample 206	Session imported from “Hotspot+Block1.txt”	206	PMC_visit5_2mm	178.6462	151.0702	191.0970	-0.6519	0.6341	0.4159	-0.5047	-0.7721	0.3861	0.5659	0.0418	0.8234	(null)	(null)	(null)	(null)	(null)	(null)	(null)	2020-11-16	12:09:28.801	TTL1	 AP Coil	0.0000	(null)	(null)	(null)	(null)
Sample 207	Session imported from “Hotspot+Block1.txt”	207	PMC_visit5_2mm	178.7773	151.0710	190.9981	-0.6545	0.6313	0.4160	-0.5022	-0.7743	0.3850	0.5652	0.0431	0.8238	(null)	(null)	(null)	(null)	(null)	(null)	(null)	2020-11-16	12:09:29.302	TTL1	 AP Coil	0.0000	(null)	(null)	(null)	(null)
Sample 208	Session imported from “Hotspot+Block1.txt”	208	PMC_visit5_2mm	178.2931	151.5058	191.3404	-0.6530	0.6323	0.4168	-0.5016	-0.7735	0.3875	0.5674	0.0440	0.8223	(null)	(null)	(null)	(null)	(null)	(null)	(null)	2020-11-16	12:09:29.900	TTL1	 AP Coil	0.0000	(null)	(null)	(null)	(null)
Sample 209	Session imported from “Hotspot+Block1.txt”	209	PMC_visit5_2mm	178.2672	151.8089	191.3441	-0.6556	0.6304	0.4158	-0.4966	-0.7747	0.3915	0.5689	0.0502	0.8209	(null)	(null)	(null)	(null)	(null)	(null)	(null)	2020-11-16	12:09:30.401	TTL1	 AP Coil	0.0000	(null)	(null)	(null)	(null)
Sample 210	Session imported from “Hotspot+Block1.txt”	210	PMC_visit5_2mm	178.4131	151.7585	191.2367	-0.6558	0.6297	0.4164	-0.4957	-0.7752	0.3916	0.5694	0.0504	0.8205	(null)	(null)	(null)	(null)	(null)	(null)	(null)	2020-11-16	12:09:31.000	TTL1	 AP Coil	0.0000	(null)	(null)	(null)	(null)
Sample 211	Session imported from “Hotspot+Block1.txt”	211	PMC_visit5_2mm	178.5088	151.4335	191.1815	-0.6567	0.6295	0.4153	-0.4961	-0.7753	0.3908	0.5680	0.0506	0.8214	(null)	(null)	(null)	(null)	(null)	(null)	(null)	2020-11-16	12:09:31.502	TTL1	 AP Coil	0.0000	(null)	(null)	(null)	(null)
Sample 212	Session imported from “Hotspot+Block1.txt”	212	PMC_visit5_2mm	178.8917	150.4080	190.9675	-0.6669	0.6289	0.3995	-0.5045	-0.7758	0.3790	0.5483	0.0512	0.8347	(null)	(null)	(null)	(null)	(null)	(null)	(null)	2020-11-16	12:09:41.692	TTL1	 AP Coil	0.0000	(null)	(null)	(null)	(null)
Sample 213	Session imported from “Hotspot+Block1.txt”	213	PMC_visit5_2mm	179.2631	150.2867	190.7298	-0.6672	0.6331	0.3926	-0.5134	-0.7726	0.3735	0.5398	0.0476	0.8405	(null)	(null)	(null)	(null)	(null)	(null)	(null)	2020-11-16	12:09:42.194	TTL1	 AP Coil	0.0000	(null)	(null)	(null)	(null)
Sample 214	Session imported from “Hotspot+Block1.txt”	214	PMC_visit5_2mm	178.4911	150.7230	191.2371	-0.6671	0.6334	0.3922	-0.5119	-0.7722	0.3764	0.5413	0.0503	0.8394	(null)	(null)	(null)	(null)	(null)	(null)	(null)	2020-11-16	12:09:42.695	TTL1	 AP Coil	0.0000	(null)	(null)	(null)	(null)
Sample 215	Session imported from “Hotspot+Block1.txt”	215	PMC_visit5_2mm	178.4506	151.7427	191.2092	-0.6715	0.6301	0.3900	-0.5089	-0.7747	0.3754	0.5386	0.0536	0.8408	(null)	(null)	(null)	(null)	(null)	(null)	(null)	2020-11-16	12:09:43.196	TTL1	 AP Coil	0.0000	(null)	(null)	(null)	(null)
Sample 216	Session imported from “Hotspot+Block1.txt”	216	PMC_visit5_2mm	178.5986	151.9658	191.0645	-0.6779	0.6247	0.3875	-0.5028	-0.7786	0.3756	0.5363	0.0598	0.8419	(null)	(null)	(null)	(null)	(null)	(null)	(null)	2020-11-16	12:09:43.697	TTL1	 AP Coil	0.0000	(null)	(null)	(null)	(null)
Sample 217	Session imported from “Hotspot+Block1.txt”	217	PMC_visit5_2mm	178.8036	151.9449	190.8995	-0.6817	0.6227	0.3841	-0.5014	-0.7799	0.3746	0.5328	0.0628	0.8439	(null)	(null)	(null)	(null)	(null)	(null)	(null)	2020-11-16	12:09:44.199	TTL1	 AP Coil	0.0000	(null)	(null)	(null)	(null)
Sample 218	Session imported from “Hotspot+Block1.txt”	218	PMC_visit5_2mm	178.8125	151.8860	190.8989	-0.6826	0.6224	0.3829	-0.5007	-0.7800	0.3753	0.5323	0.0645	0.8441	(null)	(null)	(null)	(null)	(null)	(null)	(null)	2020-11-16	12:09:44.700	TTL1	 AP Coil	0.0000	(null)	(null)	(null)	(null)
Sample 219	Session imported from “Hotspot+Block1.txt”	219	PMC_visit5_2mm	178.5210	151.5468	191.1664	-0.6848	0.6220	0.3798	-0.4976	-0.7798	0.3798	0.5324	0.0711	0.8435	(null)	(null)	(null)	(null)	(null)	(null)	(null)	2020-11-16	12:09:45.201	TTL1	 AP Coil	0.0000	(null)	(null)	(null)	(null)
Sample 220	Session imported from “Hotspot+Block1.txt”	220	PMC_visit5_2mm	178.1681	151.0416	191.4590	-0.6472	0.6481	0.4014	-0.5041	-0.7588	0.4125	0.5719	0.0646	0.8178	(null)	(null)	(null)	(null)	(null)	(null)	(null)	2020-11-16	12:09:55.602	TTL1	 AP Coil	0.0000	(null)	(null)	(null)	(null)
Sample 221	Session imported from “Hotspot+Block1.txt”	221	PMC_visit5_2mm	178.1648	150.9753	191.4649	-0.6467	0.6506	0.3981	-0.5057	-0.7565	0.4147	0.5710	0.0669	0.8182	(null)	(null)	(null)	(null)	(null)	(null)	(null)	2020-11-16	12:09:56.104	TTL1	 AP Coil	0.0000	(null)	(null)	(null)	(null)
Sample 222	Session imported from “Hotspot+Block1.txt”	222	PMC_visit5_2mm	177.9903	151.4451	191.5719	-0.6491	0.6498	0.3955	-0.5054	-0.7570	0.4142	0.5685	0.0690	0.8198	(null)	(null)	(null)	(null)	(null)	(null)	(null)	2020-11-16	12:09:56.605	TTL1	 AP Coil	0.0000	(null)	(null)	(null)	(null)
Sample 223	Session imported from “Hotspot+Block1.txt”	223	PMC_visit5_2mm	178.2039	151.7728	191.3937	-0.6539	0.6459	0.3940	-0.4988	-0.7596	0.4173	0.5688	0.0763	0.8189	(null)	(null)	(null)	(null)	(null)	(null)	(null)	2020-11-16	12:09:57.106	TTL1	 AP Coil	0.0000	(null)	(null)	(null)	(null)
Sample 224	Session imported from “Hotspot+Block1.txt”	224	PMC_visit5_2mm	178.2694	151.4793	191.3597	-0.6547	0.6470	0.3908	-0.4993	-0.7584	0.4190	0.5675	0.0792	0.8196	(null)	(null)	(null)	(null)	(null)	(null)	(null)	2020-11-16	12:09:57.704	TTL1	 AP Coil	0.0000	(null)	(null)	(null)	(null)
Sample 225	Session imported from “Hotspot+Block1.txt”	225	PMC_visit5_2mm	178.3065	151.2481	191.3438	-0.6550	0.6468	0.3906	-0.4990	-0.7585	0.4191	0.5674	0.0796	0.8196	(null)	(null)	(null)	(null)	(null)	(null)	(null)	2020-11-16	12:09:58.206	TTL1	 AP Coil	0.0000	(null)	(null)	(null)	(null)
Sample 226	Session imported from “Hotspot+Block1.txt”	226	PMC_visit5_2mm	178.3908	151.2233	191.2816	-0.6563	0.6456	0.3905	-0.4971	-0.7593	0.4200	0.5676	0.0815	0.8192	(null)	(null)	(null)	(null)	(null)	(null)	(null)	2020-11-16	12:09:58.804	TTL1	 AP Coil	0.0000	(null)	(null)	(null)	(null)
