# Version: 12
# Coordinate system: Brainsight
# Created by: Brainsight 2.5b2
# X=right->left, Y=anterior->posterior, Z=inferior->superior
# Units: millimetres, degrees, milliseconds, and microvolts
# Encoding: UTF-8
# Notes: Each column is delimited by a tab. Each value within a column is delimited by a semicolon.
# Target Name	Loc. X	Loc. Y	Loc. Z	m0n0	m0n1	m0n2	m1n0	m1n1	m1n2	m2n0	m2n1	m2n2
PSC	172.5000	134.5000	162.5000	1.0000	0.0000	0.0000	0.0000	1.0000	0.0000	0.0000	0.0000	1.0000
Subj1_visit4_PSC_ReverseCoil	184.3998	129.1217	182.3451	-0.3033	0.8147	0.4941	-0.7677	-0.5162	0.3798	0.5645	-0.2641	0.7820
# Sample Name	Session Name	Index	Assoc. Target	Loc. X	Loc. Y	Loc. Z	m0n0	m0n1	m0n2	m1n0	m1n1	m1n2	m2n0	m2n1	m2n2	Dist. to Target	Target Error	Angular Error	Twist Error	Stim. Power A	Stim. Pulse Interval	Stim. Power B	Date	Time	Creation Cause	Crosshairs Driver	Offset	Comment	EMG Start	EMG End	EMG Res.	EMG Channels	EMG Window Start	EMG Window End
Sample 220	Session 1	220	Subj1_visit4_PSC_ReverseCoil	182.8584	129.8654	179.2333	-0.3184	0.8150	0.4842	-0.7659	-0.5222	0.3752	0.5586	-0.2514	0.7904	3.5513	0.5559	0.9366	0.4398	(null)	(null)	(null)	2020-11-20	11:34:31.460	TTL1	 AP Coil	0.0000	(null)	(null)	(null)	(null)	(null)	(null)	(null)
Sample 221	Session 1	221	Subj1_visit4_PSC_ReverseCoil	182.7915	129.8340	179.4407	-0.3215	0.8153	0.4816	-0.7646	-0.5236	0.3759	0.5586	-0.2474	0.7917	3.3956	0.3818	1.1588	0.5119	(null)	(null)	(null)	2020-11-20	11:34:31.961	TTL1	 AP Coil	0.0000	(null)	(null)	(null)	(null)	(null)	(null)	(null)
Sample 222	Session 1	222	Subj1_visit4_PSC_ReverseCoil	182.4315	129.8007	179.4089	-0.3187	0.8170	0.4806	-0.7656	-0.5208	0.3777	0.5589	-0.2476	0.7914	3.5995	0.2336	1.1350	0.3154	(null)	(null)	(null)	2020-11-20	11:34:32.463	TTL1	 AP Coil	0.0000	(null)	(null)	(null)	(null)	(null)	(null)	(null)
Sample 223	Session 1	223	Subj1_visit4_PSC_ReverseCoil	182.5892	129.7773	179.3476	-0.3163	0.8171	0.4820	-0.7673	-0.5191	0.3765	0.5578	-0.2508	0.7912	3.5627	0.3457	1.0027	0.2350	(null)	(null)	(null)	2020-11-20	11:34:32.964	TTL1	 AP Coil	0.0000	(null)	(null)	(null)	(null)	(null)	(null)	(null)
Sample 224	Session 1	224	Subj1_visit4_PSC_ReverseCoil	182.5491	129.7323	179.5082	-0.3154	0.8173	0.4823	-0.7679	-0.5184	0.3763	0.5576	-0.2516	0.7911	3.4418	0.2878	0.9693	0.1961	(null)	(null)	(null)	2020-11-20	11:34:33.465	TTL1	 AP Coil	0.0000	(null)	(null)	(null)	(null)	(null)	(null)	(null)
Sample 225	Session 1	225	Subj1_visit4_PSC_ReverseCoil	182.6529	129.8109	179.4220	-0.3138	0.8176	0.4827	-0.7677	-0.5176	0.3777	0.5587	-0.2521	0.7901	3.4743	0.3225	0.8960	0.1256	(null)	(null)	(null)	2020-11-20	11:34:34.065	TTL1	 AP Coil	0.0000	(null)	(null)	(null)	(null)	(null)	(null)	(null)
Sample 226	Session 1	226	Subj1_visit4_PSC_ReverseCoil	182.6156	129.9351	179.4747	-0.3143	0.8179	0.4820	-0.7681	-0.5174	0.3772	0.5579	-0.2517	0.7908	3.4762	0.2063	0.9512	0.1225	(null)	(null)	(null)	2020-11-20	11:34:34.566	TTL1	 AP Coil	0.0000	(null)	(null)	(null)	(null)	(null)	(null)	(null)
Sample 227	Session 1	227	Subj1_visit4_PSC_ReverseCoil	182.6384	130.1712	179.3486	-0.3121	0.8186	0.4822	-0.7689	-0.5157	0.3779	0.5580	-0.2528	0.7904	3.6309	0.3211	0.8862	0.0107	(null)	(null)	(null)	2020-11-20	11:34:35.067	TTL1	 AP Coil	0.0000	(null)	(null)	(null)	(null)	(null)	(null)	(null)
Sample 228	Session 1	228	Subj1_visit4_PSC_ReverseCoil	182.1330	129.8873	179.1752	-0.3019	0.8230	0.4813	-0.7625	-0.5114	0.3963	0.5723	-0.2473	0.7819	3.9715	0.2261	1.0618	-0.5876	(null)	(null)	(null)	2020-11-20	11:34:45.356	TTL1	 AP Coil	0.0000	(null)	(null)	(null)	(null)	(null)	(null)	(null)
Sample 229	Session 1	229	Subj1_visit4_PSC_ReverseCoil	182.1082	129.7647	179.1381	-0.3013	0.8240	0.4798	-0.7635	-0.5099	0.3963	0.5713	-0.2469	0.7828	3.9937	0.3522	1.0630	-0.6756	(null)	(null)	(null)	2020-11-20	11:34:45.857	TTL1	 AP Coil	0.0000	(null)	(null)	(null)	(null)	(null)	(null)	(null)
Sample 230	Session 1	230	Subj1_visit4_PSC_ReverseCoil	181.9995	129.6887	179.3069	-0.3023	0.8234	0.4802	-0.7633	-0.5108	0.3955	0.5709	-0.2470	0.7830	3.9133	0.4329	1.0504	-0.6083	(null)	(null)	(null)	2020-11-20	11:34:46.358	TTL1	 AP Coil	0.0000	(null)	(null)	(null)	(null)	(null)	(null)	(null)
Sample 231	Session 1	231	Subj1_visit4_PSC_ReverseCoil	181.8744	129.8248	179.2928	-0.3018	0.8235	0.4804	-0.7636	-0.5105	0.3954	0.5709	-0.2475	0.7829	4.0235	0.3836	1.0228	-0.6273	(null)	(null)	(null)	2020-11-20	11:34:46.859	TTL1	 AP Coil	0.0000	(null)	(null)	(null)	(null)	(null)	(null)	(null)
Sample 232	Session 1	232	Subj1_visit4_PSC_ReverseCoil	181.8043	130.0925	179.2938	-0.3021	0.8239	0.4796	-0.7642	-0.5100	0.3949	0.5699	-0.2472	0.7836	4.1218	0.3078	1.0258	-0.6447	(null)	(null)	(null)	2020-11-20	11:34:47.360	TTL1	 AP Coil	0.0000	(null)	(null)	(null)	(null)	(null)	(null)	(null)
Sample 233	Session 1	233	Subj1_visit4_PSC_ReverseCoil	181.8506	129.8163	179.1989	-0.3013	0.8245	0.4791	-0.7635	-0.5095	0.3967	0.5712	-0.2463	0.7830	4.1085	0.3826	1.0941	-0.7064	(null)	(null)	(null)	2020-11-20	11:34:47.861	TTL1	 AP Coil	0.0000	(null)	(null)	(null)	(null)	(null)	(null)	(null)
Sample 234	Session 1	234	Subj1_visit4_PSC_ReverseCoil	182.0365	130.0557	179.1600	-0.3000	0.8237	0.4812	-0.7647	-0.5092	0.3949	0.5703	-0.2495	0.7826	4.0746	0.0915	0.9061	-0.6942	(null)	(null)	(null)	2020-11-20	11:34:48.362	TTL1	 AP Coil	0.0000	(null)	(null)	(null)	(null)	(null)	(null)	(null)
Sample 235	Session 1	235	Subj1_visit4_PSC_ReverseCoil	182.1348	130.1371	179.2241	-0.2979	0.8237	0.4825	-0.7651	-0.5082	0.3953	0.5708	-0.2514	0.7816	3.9877	0.0176	0.8156	-0.7612	(null)	(null)	(null)	2020-11-20	11:34:48.864	TTL1	 AP Coil	0.0000	(null)	(null)	(null)	(null)	(null)	(null)	(null)
Sample 236	Session 1	236	Subj1_visit4_PSC_ReverseCoil	182.3079	129.7866	179.5217	-0.2890	0.8276	0.4813	-0.7710	-0.4992	0.3955	0.5675	-0.2568	0.7823	3.5763	0.2621	0.4573	-1.2930	(null)	(null)	(null)	2020-11-20	11:34:59.263	TTL1	 AP Coil	0.0000	(null)	(null)	(null)	(null)	(null)	(null)	(null)
Sample 237	Session 1	237	Subj1_visit4_PSC_ReverseCoil	182.5618	129.4175	179.4506	-0.2850	0.8307	0.4782	-0.7730	-0.4942	0.3977	0.5667	-0.2563	0.7830	3.4414	0.6269	0.4706	-1.6263	(null)	(null)	(null)	2020-11-20	11:34:59.764	TTL1	 AP Coil	0.0000	(null)	(null)	(null)	(null)	(null)	(null)	(null)
Sample 238	Session 1	238	Subj1_visit4_PSC_ReverseCoil	182.7049	129.6181	179.2059	-0.2942	0.8253	0.4819	-0.7714	-0.5028	0.3901	0.5642	-0.2570	0.7846	3.6019	0.6270	0.4361	-0.9814	(null)	(null)	(null)	2020-11-20	11:35:00.265	TTL1	 AP Coil	0.0000	(null)	(null)	(null)	(null)	(null)	(null)	(null)
Sample 239	Session 1	239	Subj1_visit4_PSC_ReverseCoil	182.7746	129.5925	179.1683	-0.2980	0.8207	0.4875	-0.7679	-0.5095	0.3883	0.5671	-0.2586	0.7820	3.5993	0.7146	0.3494	-0.5524	(null)	(null)	(null)	2020-11-20	11:35:00.767	TTL1	 AP Coil	0.0000	(null)	(null)	(null)	(null)	(null)	(null)	(null)
Sample 240	Session 1	240	Subj1_visit4_PSC_ReverseCoil	182.7832	129.6911	179.2274	-0.3018	0.8214	0.4839	-0.7672	-0.5106	0.3882	0.5659	-0.2541	0.7843	3.5577	0.6114	0.5965	-0.4894	(null)	(null)	(null)	2020-11-20	11:35:01.268	TTL1	 AP Coil	0.0000	(null)	(null)	(null)	(null)	(null)	(null)	(null)
Sample 241	Session 1	241	Subj1_visit4_PSC_ReverseCoil	182.7382	129.9894	179.2128	-0.3012	0.8204	0.4861	-0.7661	-0.5117	0.3889	0.5677	-0.2553	0.7826	3.6504	0.4976	0.5421	-0.4377	(null)	(null)	(null)	2020-11-20	11:35:01.769	TTL1	 AP Coil	0.0000	(null)	(null)	(null)	(null)	(null)	(null)	(null)
Sample 242	Session 1	242	Subj1_visit4_PSC_ReverseCoil	182.6274	129.7665	179.3014	-0.3000	0.8198	0.4879	-0.7663	-0.5117	0.3886	0.5682	-0.2573	0.7816	3.5807	0.4520	0.4479	-0.4336	(null)	(null)	(null)	2020-11-20	11:35:02.368	TTL1	 AP Coil	0.0000	(null)	(null)	(null)	(null)	(null)	(null)	(null)
Sample 243	Session 1	243	Subj1_visit4_PSC_ReverseCoil	182.7721	129.3588	179.2303	-0.2991	0.8189	0.4898	-0.7653	-0.5125	0.3896	0.5701	-0.2583	0.7799	3.5224	0.8494	0.4777	-0.4072	(null)	(null)	(null)	2020-11-20	11:35:02.869	TTL1	 AP Coil	0.0000	(null)	(null)	(null)	(null)	(null)	(null)	(null)
Sample 244	Session 1	244	Subj1_visit4_PSC_ReverseCoil	182.1936	129.6509	179.6707	-0.3074	0.8130	0.4946	-0.7571	-0.5238	0.3904	0.5765	-0.2545	0.7765	3.5071	0.4097	0.9377	0.2398	(null)	(null)	(null)	2020-11-20	11:35:13.160	TTL1	 AP Coil	0.0000	(null)	(null)	(null)	(null)	(null)	(null)	(null)
Sample 245	Session 1	245	Subj1_visit4_PSC_ReverseCoil	182.2892	129.6169	179.5631	-0.3072	0.8123	0.4958	-0.7572	-0.5242	0.3896	0.5764	-0.2558	0.7761	3.5269	0.4159	0.9007	0.2805	(null)	(null)	(null)	2020-11-20	11:35:13.661	TTL1	 AP Coil	0.0000	(null)	(null)	(null)	(null)	(null)	(null)	(null)
Sample 246	Session 1	246	Subj1_visit4_PSC_ReverseCoil	182.2202	129.7309	179.4255	-0.3057	0.8132	0.4952	-0.7583	-0.5225	0.3899	0.5757	-0.2563	0.7764	3.6941	0.3452	0.8502	0.1719	(null)	(null)	(null)	2020-11-20	11:35:14.162	TTL1	 AP Coil	0.0000	(null)	(null)	(null)	(null)	(null)	(null)	(null)
Sample 247	Session 1	247	Subj1_visit4_PSC_ReverseCoil	182.4033	129.7548	179.4236	-0.3092	0.8148	0.4904	-0.7599	-0.5217	0.3878	0.5718	-0.2528	0.7805	3.5947	0.3044	0.7811	0.1747	(null)	(null)	(null)	2020-11-20	11:35:14.664	TTL1	 AP Coil	0.0000	(null)	(null)	(null)	(null)	(null)	(null)	(null)
Sample 248	Session 1	248	Subj1_visit4_PSC_ReverseCoil	182.3022	129.9027	179.4124	-0.3106	0.8143	0.4904	-0.7593	-0.5229	0.3874	0.5719	-0.2520	0.7807	3.6892	0.1581	0.8188	0.2521	(null)	(null)	(null)	2020-11-20	11:35:15.165	TTL1	 AP Coil	0.0000	(null)	(null)	(null)	(null)	(null)	(null)	(null)
Sample 249	Session 1	249	Subj1_visit4_PSC_ReverseCoil	182.3465	130.0098	179.5003	-0.3110	0.8141	0.4904	-0.7594	-0.5231	0.3868	0.5714	-0.2521	0.7810	3.6191	0.0340	0.7983	0.2757	(null)	(null)	(null)	2020-11-20	11:35:15.667	TTL1	 AP Coil	0.0000	(null)	(null)	(null)	(null)	(null)	(null)	(null)
Sample 250	Session 1	250	Subj1_visit4_PSC_ReverseCoil	182.3975	130.1877	179.3699	-0.3103	0.8142	0.4908	-0.7606	-0.5223	0.3856	0.5702	-0.2537	0.7813	3.7413	0.1832	0.6863	0.2499	(null)	(null)	(null)	2020-11-20	11:35:16.168	TTL1	 AP Coil	0.0000	(null)	(null)	(null)	(null)	(null)	(null)	(null)
Sample 251	Session 1	251	Subj1_visit4_PSC_ReverseCoil	182.4645	130.1802	179.3115	-0.3099	0.8142	0.4910	-0.7607	-0.5221	0.3857	0.5704	-0.2540	0.7811	3.7508	0.2520	0.6732	0.2359	(null)	(null)	(null)	2020-11-20	11:35:16.669	TTL1	 AP Coil	0.0000	(null)	(null)	(null)	(null)	(null)	(null)	(null)
Sample 252	Session 1	252	Subj1_visit4_PSC_ReverseCoil	183.3584	128.8464	180.2415	-0.3202	0.7942	0.5165	-0.7639	-0.5389	0.3551	0.5603	-0.2808	0.7792	2.3633	0.9914	0.9993	1.8340	(null)	(null)	(null)	2020-11-20	11:35:27.072	TTL1	 AP Coil	0.0000	(null)	(null)	(null)	(null)	(null)	(null)	(null)
Sample 253	Session 1	253	Subj1_visit4_PSC_ReverseCoil	182.8842	129.3005	180.3333	-0.3239	0.7953	0.5125	-0.7631	-0.5398	0.3554	0.5592	-0.2760	0.7817	2.5252	0.5268	0.7411	1.8765	(null)	(null)	(null)	2020-11-20	11:35:27.670	TTL1	 AP Coil	0.0000	(null)	(null)	(null)	(null)	(null)	(null)	(null)
Sample 254	Session 1	254	Subj1_visit4_PSC_ReverseCoil	182.5062	129.2410	180.4476	-0.3262	0.7953	0.5111	-0.7610	-0.5416	0.3572	0.5609	-0.2724	0.7818	2.6834	0.7445	0.5157	1.9492	(null)	(null)	(null)	2020-11-20	11:35:28.171	TTL1	 AP Coil	0.0000	(null)	(null)	(null)	(null)	(null)	(null)	(null)
Sample 255	Session 1	255	Subj1_visit4_PSC_ReverseCoil	182.5861	129.2830	180.4067	-0.3285	0.7947	0.5104	-0.7609	-0.5428	0.3555	0.5596	-0.2716	0.7830	2.6595	0.6592	0.5130	2.0529	(null)	(null)	(null)	2020-11-20	11:35:28.771	TTL1	 AP Coil	0.0000	(null)	(null)	(null)	(null)	(null)	(null)	(null)
Sample 256	Session 1	256	Subj1_visit4_PSC_ReverseCoil	182.9836	129.3149	180.2597	-0.3290	0.7931	0.5126	-0.7610	-0.5440	0.3533	0.5591	-0.2739	0.7826	2.5282	0.5078	0.6373	2.1693	(null)	(null)	(null)	2020-11-20	11:35:29.272	TTL1	 AP Coil	0.0000	(null)	(null)	(null)	(null)	(null)	(null)	(null)
Sample 257	Session 1	257	Subj1_visit4_PSC_ReverseCoil	183.0255	129.4955	180.3036	-0.3268	0.7931	0.5140	-0.7620	-0.5428	0.3531	0.5591	-0.2762	0.7818	2.4892	0.3277	0.7581	2.1029	(null)	(null)	(null)	2020-11-20	11:35:29.871	TTL1	 AP Coil	0.0000	(null)	(null)	(null)	(null)	(null)	(null)	(null)
Sample 258	Session 1	258	Subj1_visit4_PSC_ReverseCoil	182.8272	129.7727	180.3918	-0.3219	0.7979	0.5097	-0.7647	-0.5365	0.3569	0.5582	-0.2748	0.7828	2.5908	0.1589	0.7112	1.6517	(null)	(null)	(null)	2020-11-20	11:35:30.372	TTL1	 AP Coil	0.0000	(null)	(null)	(null)	(null)	(null)	(null)	(null)
Sample 259	Session 1	259	Subj1_visit4_PSC_ReverseCoil	182.8443	129.4543	180.4554	-0.3193	0.8000	0.5079	-0.7657	-0.5336	0.3591	0.5583	-0.2743	0.7830	2.4701	0.3887	0.6812	1.4369	(null)	(null)	(null)	2020-11-20	11:35:30.873	TTL1	 AP Coil	0.0000	(null)	(null)	(null)	(null)	(null)	(null)	(null)
Sample 260	Session 1	260	Subj1_visit4_PSC_ReverseCoil	182.9807	129.6908	180.2630	-0.3088	0.8047	0.5071	-0.7676	-0.5256	0.3668	0.5617	-0.2759	0.7800	2.5832	0.1618	0.7040	0.8155	(null)	(null)	(null)	2020-11-20	11:35:40.970	TTL1	 AP Coil	0.0000	(null)	(null)	(null)	(null)	(null)	(null)	(null)
Sample 261	Session 1	261	Subj1_visit4_PSC_ReverseCoil	182.9315	129.5164	180.2370	-0.3085	0.8052	0.5065	-0.7682	-0.5249	0.3665	0.5609	-0.2761	0.7805	2.5992	0.3320	0.7186	0.7789	(null)	(null)	(null)	2020-11-20	11:35:41.472	TTL1	 AP Coil	0.0000	(null)	(null)	(null)	(null)	(null)	(null)	(null)
Sample 262	Session 1	262	Subj1_visit4_PSC_ReverseCoil	182.8703	129.4945	180.3237	-0.3092	0.8060	0.5047	-0.7687	-0.5243	0.3664	0.5599	-0.2746	0.7817	2.5621	0.3440	0.6557	0.7470	(null)	(null)	(null)	2020-11-20	11:35:41.973	TTL1	 AP Coil	0.0000	(null)	(null)	(null)	(null)	(null)	(null)	(null)
Sample 263	Session 1	263	Subj1_visit4_PSC_ReverseCoil	182.8577	129.6307	180.3409	-0.3091	0.8061	0.5046	-0.7691	-0.5240	0.3660	0.5594	-0.2749	0.7820	2.5795	0.2235	0.6820	0.7364	(null)	(null)	(null)	2020-11-20	11:35:42.474	TTL1	 AP Coil	0.0000	(null)	(null)	(null)	(null)	(null)	(null)	(null)
Sample 264	Session 1	264	Subj1_visit4_PSC_ReverseCoil	182.7642	129.5415	180.5395	-0.3104	0.8054	0.5050	-0.7685	-0.5253	0.3654	0.5595	-0.2746	0.7820	2.4722	0.3824	0.6640	0.8232	(null)	(null)	(null)	2020-11-20	11:35:43.074	TTL1	 AP Coil	0.0000	(null)	(null)	(null)	(null)	(null)	(null)	(null)
Sample 265	Session 1	265	Subj1_visit4_PSC_ReverseCoil	182.8789	129.6447	180.4816	-0.3113	0.8050	0.5050	-0.7690	-0.5256	0.3639	0.5584	-0.2750	0.7827	2.4616	0.2214	0.7161	0.8740	(null)	(null)	(null)	2020-11-20	11:35:43.672	TTL1	 AP Coil	0.0000	(null)	(null)	(null)	(null)	(null)	(null)	(null)
Sample 266	Session 1	266	Subj1_visit4_PSC_ReverseCoil	182.7455	129.8306	180.4170	-0.3126	0.8047	0.5048	-0.7678	-0.5269	0.3644	0.5592	-0.2737	0.7825	2.6376	0.2252	0.6237	0.9369	(null)	(null)	(null)	2020-11-20	11:35:44.174	TTL1	 AP Coil	0.0000	(null)	(null)	(null)	(null)	(null)	(null)	(null)
Sample 267	Session 1	267	Subj1_visit4_PSC_ReverseCoil	182.8780	129.8943	180.3288	-0.3099	0.8057	0.5047	-0.7695	-0.5244	0.3645	0.5584	-0.2754	0.7825	2.6416	0.0825	0.7347	0.7864	(null)	(null)	(null)	2020-11-20	11:35:44.674	TTL1	 AP Coil	0.0000	(null)	(null)	(null)	(null)	(null)	(null)	(null)
Sample 268	Session 1	268	Subj1_visit4_PSC_ReverseCoil	182.9040	129.5532	180.1461	-0.3062	0.8078	0.5037	-0.7695	-0.5216	0.3686	0.5604	-0.2747	0.7813	2.6943	0.3224	0.6504	0.5421	(null)	(null)	(null)	2020-11-20	11:35:54.869	TTL1	 AP Coil	0.0000	(null)	(null)	(null)	(null)	(null)	(null)	(null)
Sample 269	Session 1	269	Subj1_visit4_PSC_ReverseCoil	183.1111	129.4145	180.0841	-0.3051	0.8073	0.5052	-0.7702	-0.5212	0.3677	0.5601	-0.2769	0.7808	2.6189	0.5127	0.7748	0.5394	(null)	(null)	(null)	2020-11-20	11:35:55.370	TTL1	 AP Coil	0.0000	(null)	(null)	(null)	(null)	(null)	(null)	(null)
Sample 270	Session 1	270	Subj1_visit4_PSC_ReverseCoil	182.9018	129.5098	180.1798	-0.3094	0.8076	0.5021	-0.7692	-0.5230	0.3672	0.5591	-0.2727	0.7830	2.6614	0.3467	0.5796	0.6508	(null)	(null)	(null)	2020-11-20	11:35:55.872	TTL1	 AP Coil	0.0000	(null)	(null)	(null)	(null)	(null)	(null)	(null)
Sample 271	Session 1	271	Subj1_visit4_PSC_ReverseCoil	182.9158	129.4435	180.2627	-0.3091	0.8073	0.5027	-0.7696	-0.5229	0.3666	0.5588	-0.2735	0.7829	2.5772	0.3899	0.6308	0.6560	(null)	(null)	(null)	2020-11-20	11:35:56.373	TTL1	 AP Coil	0.0000	(null)	(null)	(null)	(null)	(null)	(null)	(null)
Sample 272	Session 1	272	Subj1_visit4_PSC_ReverseCoil	182.8614	129.7885	180.2889	-0.3087	0.8073	0.5029	-0.7703	-0.5224	0.3657	0.5579	-0.2745	0.7832	2.6531	0.0874	0.7068	0.6472	(null)	(null)	(null)	2020-11-20	11:35:56.875	TTL1	 AP Coil	0.0000	(null)	(null)	(null)	(null)	(null)	(null)	(null)
Sample 273	Session 1	273	Subj1_visit4_PSC_ReverseCoil	182.8102	129.6576	180.1312	-0.3080	0.8086	0.5013	-0.7699	-0.5214	0.3680	0.5589	-0.2726	0.7831	2.7776	0.2277	0.5846	0.5440	(null)	(null)	(null)	2020-11-20	11:35:57.474	TTL1	 AP Coil	0.0000	(null)	(null)	(null)	(null)	(null)	(null)	(null)
Sample 274	Session 1	274	Subj1_visit4_PSC_ReverseCoil	182.6412	129.5686	180.3271	-0.3081	0.8087	0.5011	-0.7689	-0.5218	0.3694	0.5602	-0.2715	0.7826	2.7138	0.3889	0.4870	0.5390	(null)	(null)	(null)	2020-11-20	11:35:57.975	TTL1	 AP Coil	0.0000	(null)	(null)	(null)	(null)	(null)	(null)	(null)
Sample 275	Session 1	275	Subj1_visit4_PSC_ReverseCoil	182.5829	129.6099	180.3374	-0.3090	0.8085	0.5008	-0.7686	-0.5224	0.3692	0.5601	-0.2709	0.7829	2.7514	0.4033	0.4616	0.5796	(null)	(null)	(null)	2020-11-20	11:35:58.574	TTL1	 AP Coil	0.0000	(null)	(null)	(null)	(null)	(null)	(null)	(null)
Sample 276	Session 1	276	Subj1_visit4_PSC_ReverseCoil	182.4818	129.5374	180.2394	-0.3058	0.8104	0.4997	-0.7685	-0.5199	0.3728	0.5620	-0.2700	0.7818	2.8785	0.4901	0.3665	0.3597	(null)	(null)	(null)	2020-11-20	11:36:08.766	TTL1	 AP Coil	0.0000	(null)	(null)	(null)	(null)	(null)	(null)	(null)
Sample 277	Session 1	277	Subj1_visit4_PSC_ReverseCoil	182.3717	129.9207	180.2215	-0.3068	0.8114	0.4974	-0.7685	-0.5195	0.3735	0.5615	-0.2676	0.7830	3.0432	0.4106	0.2667	0.3217	(null)	(null)	(null)	2020-11-20	11:36:09.266	TTL1	 AP Coil	0.0000	(null)	(null)	(null)	(null)	(null)	(null)	(null)
Sample 278	Session 1	278	Subj1_visit4_PSC_ReverseCoil	182.6154	129.4991	180.1271	-0.3051	0.8121	0.4974	-0.7696	-0.5178	0.3735	0.5609	-0.2688	0.7830	2.8716	0.4311	0.3438	0.2238	(null)	(null)	(null)	2020-11-20	11:36:09.768	TTL1	 AP Coil	0.0000	(null)	(null)	(null)	(null)	(null)	(null)	(null)
Sample 279	Session 1	279	Subj1_visit4_PSC_ReverseCoil	182.5956	129.6628	180.1405	-0.3072	0.8107	0.4984	-0.7700	-0.5195	0.3704	0.5592	-0.2700	0.7838	2.8997	0.3102	0.4618	0.3844	(null)	(null)	(null)	2020-11-20	11:36:10.269	TTL1	 AP Coil	0.0000	(null)	(null)	(null)	(null)	(null)	(null)	(null)
Sample 280	Session 1	280	Subj1_visit4_PSC_ReverseCoil	182.7367	129.6734	180.0376	-0.3076	0.8112	0.4974	-0.7702	-0.5192	0.3704	0.5587	-0.2692	0.7845	2.8974	0.2348	0.4585	0.3634	(null)	(null)	(null)	2020-11-20	11:36:10.770	TTL1	 AP Coil	0.0000	(null)	(null)	(null)	(null)	(null)	(null)	(null)
Sample 281	Session 1	281	Subj1_visit4_PSC_ReverseCoil	182.7578	129.7696	180.0214	-0.3077	0.8105	0.4985	-0.7698	-0.5200	0.3702	0.5592	-0.2698	0.7839	2.9181	0.1443	0.4531	0.4144	(null)	(null)	(null)	2020-11-20	11:36:11.271	TTL1	 AP Coil	0.0000	(null)	(null)	(null)	(null)	(null)	(null)	(null)
Sample 282	Session 1	282	Subj1_visit4_PSC_ReverseCoil	182.7271	129.4064	179.9987	-0.3067	0.8120	0.4967	-0.7689	-0.5189	0.3735	0.5610	-0.2673	0.7835	2.8956	0.4960	0.2825	0.2821	(null)	(null)	(null)	2020-11-20	11:36:11.773	TTL1	 AP Coil	0.0000	(null)	(null)	(null)	(null)	(null)	(null)	(null)
Sample 283	Session 1	283	Subj1_visit4_PSC_ReverseCoil	182.8334	129.7167	179.9512	-0.3077	0.8113	0.4970	-0.7702	-0.5191	0.3706	0.5587	-0.2688	0.7846	2.9220	0.2254	0.4461	0.3548	(null)	(null)	(null)	2020-11-20	11:36:12.273	TTL1	 AP Coil	0.0000	(null)	(null)	(null)	(null)	(null)	(null)	(null)
Sample 284	Session 1	284	Subj1_visit4_PSC_ReverseCoil	182.6967	129.7227	180.0094	-0.3044	0.8130	0.4964	-0.7700	-0.5168	0.3743	0.5608	-0.2683	0.7833	2.9525	0.1981	0.3225	0.1456	(null)	(null)	(null)	2020-11-20	11:36:22.675	TTL1	 AP Coil	0.0000	(null)	(null)	(null)	(null)	(null)	(null)	(null)
Sample 285	Session 1	285	Subj1_visit4_PSC_ReverseCoil	182.6463	129.6972	179.9093	-0.3050	0.8131	0.4958	-0.7689	-0.5174	0.3756	0.5619	-0.2666	0.7830	3.0560	0.2456	0.2121	0.1548	(null)	(null)	(null)	2020-11-20	11:36:23.177	TTL1	 AP Coil	0.0000	(null)	(null)	(null)	(null)	(null)	(null)	(null)
Sample 286	Session 1	286	Subj1_visit4_PSC_ReverseCoil	182.7081	129.7332	180.0206	-0.3042	0.8130	0.4965	-0.7701	-0.5167	0.3742	0.5607	-0.2685	0.7833	2.9393	0.1841	0.3352	0.1405	(null)	(null)	(null)	2020-11-20	11:36:23.679	TTL1	 AP Coil	0.0000	(null)	(null)	(null)	(null)	(null)	(null)	(null)
Sample 287	Session 1	287	Subj1_visit4_PSC_ReverseCoil	182.6492	129.7231	180.0715	-0.3044	0.8123	0.4975	-0.7695	-0.5176	0.3742	0.5615	-0.2689	0.7826	2.9318	0.2150	0.3233	0.1915	(null)	(null)	(null)	2020-11-20	11:36:24.277	TTL1	 AP Coil	0.0000	(null)	(null)	(null)	(null)	(null)	(null)	(null)
Sample 288	Session 1	288	Subj1_visit4_PSC_ReverseCoil	182.6506	129.5962	180.0315	-0.3032	0.8122	0.4984	-0.7688	-0.5175	0.3757	0.5631	-0.2693	0.7813	2.9389	0.3306	0.3073	0.1606	(null)	(null)	(null)	2020-11-20	11:36:24.778	TTL1	 AP Coil	0.0000	(null)	(null)	(null)	(null)	(null)	(null)	(null)
Sample 289	Session 1	289	Subj1_visit4_PSC_ReverseCoil	182.7635	129.5404	179.9088	-0.3032	0.8122	0.4984	-0.7692	-0.5173	0.3752	0.5626	-0.2696	0.7816	2.9645	0.3991	0.3308	0.1583	(null)	(null)	(null)	2020-11-20	11:36:25.377	TTL1	 AP Coil	0.0000	(null)	(null)	(null)	(null)	(null)	(null)	(null)
Sample 290	Session 1	290	Subj1_visit4_PSC_ReverseCoil	182.5798	129.6058	180.1654	-0.3043	0.8115	0.4989	-0.7682	-0.5188	0.3752	0.5633	-0.2691	0.7812	2.8806	0.3579	0.2933	0.2441	(null)	(null)	(null)	2020-11-20	11:36:25.878	TTL1	 AP Coil	0.0000	(null)	(null)	(null)	(null)	(null)	(null)	(null)
Sample 291	Session 1	291	Subj1_visit4_PSC_ReverseCoil	182.6109	129.6642	180.0345	-0.3037	0.8116	0.4990	-0.7687	-0.5182	0.3750	0.5630	-0.2697	0.7813	2.9721	0.2835	0.3312	0.2144	(null)	(null)	(null)	2020-11-20	11:36:26.379	TTL1	 AP Coil	0.0000	(null)	(null)	(null)	(null)	(null)	(null)	(null)
Sample 292	Session 1	292	Subj1_visit4_PSC_ReverseCoil	182.1279	129.7443	180.2791	-0.3123	0.8114	0.4941	-0.7652	-0.5231	0.3753	0.5629	-0.2609	0.7843	3.1333	0.6665	0.2448	0.4935	(null)	(null)	(null)	2020-11-20	11:36:36.570	TTL1	 AP Coil	0.0000	(null)	(null)	(null)	(null)	(null)	(null)	(null)
Sample 293	Session 1	293	Subj1_visit4_PSC_ReverseCoil	182.2711	129.7425	180.1120	-0.3101	0.8118	0.4948	-0.7662	-0.5215	0.3754	0.5628	-0.2627	0.7838	3.1469	0.4727	0.1611	0.3961	(null)	(null)	(null)	2020-11-20	11:36:37.072	TTL1	 AP Coil	0.0000	(null)	(null)	(null)	(null)	(null)	(null)	(null)
Sample 294	Session 1	294	Subj1_visit4_PSC_ReverseCoil	182.2446	130.1097	180.0205	-0.3104	0.8130	0.4927	-0.7667	-0.5205	0.3759	0.5620	-0.2610	0.7848	3.3203	0.4203	0.2769	0.3274	(null)	(null)	(null)	2020-11-20	11:36:37.573	TTL1	 AP Coil	0.0000	(null)	(null)	(null)	(null)	(null)	(null)	(null)
Sample 295	Session 1	295	Subj1_visit4_PSC_ReverseCoil	182.2061	129.7168	180.1981	-0.3092	0.8122	0.4946	-0.7656	-0.5212	0.3772	0.5641	-0.2621	0.7830	3.1266	0.5684	0.1323	0.3438	(null)	(null)	(null)	2020-11-20	11:36:38.075	TTL1	 AP Coil	0.0000	(null)	(null)	(null)	(null)	(null)	(null)	(null)
Sample 296	Session 1	296	Subj1_visit4_PSC_ReverseCoil	182.2444	129.7826	180.1081	-0.3102	0.8128	0.4931	-0.7656	-0.5210	0.3773	0.5636	-0.2605	0.7839	3.1759	0.4731	0.2424	0.3332	(null)	(null)	(null)	2020-11-20	11:36:38.576	TTL1	 AP Coil	0.0000	(null)	(null)	(null)	(null)	(null)	(null)	(null)
Sample 297	Session 1	297	Subj1_visit4_PSC_ReverseCoil	182.2341	129.8915	180.1973	-0.3099	0.8122	0.4942	-0.7665	-0.5210	0.3756	0.5626	-0.2624	0.7840	3.1457	0.5096	0.1855	0.3645	(null)	(null)	(null)	2020-11-20	11:36:39.077	TTL1	 AP Coil	0.0000	(null)	(null)	(null)	(null)	(null)	(null)	(null)
Sample 298	Session 1	298	Subj1_visit4_PSC_ReverseCoil	182.1692	129.8960	180.2077	-0.3098	0.8123	0.4942	-0.7667	-0.5208	0.3754	0.5623	-0.2626	0.7841	3.1849	0.5694	0.1957	0.3596	(null)	(null)	(null)	2020-11-20	11:36:39.578	TTL1	 AP Coil	0.0000	(null)	(null)	(null)	(null)	(null)	(null)	(null)
Sample 299	Session 1	299	Subj1_visit4_PSC_ReverseCoil	182.1332	129.9587	180.3556	-0.3096	0.8121	0.4946	-0.7665	-0.5210	0.3755	0.5626	-0.2629	0.7838	3.1299	0.6820	0.1629	0.3661	(null)	(null)	(null)	2020-11-20	11:36:40.080	TTL1	 AP Coil	0.0000	(null)	(null)	(null)	(null)	(null)	(null)	(null)
Sample 300	Session 1	300	Subj1_visit4_PSC_ReverseCoil	183.0406	128.9961	180.1322	-0.3121	0.8041	0.5059	-0.7678	-0.5271	0.3643	0.5596	-0.2747	0.7819	2.6000	0.8522	0.6675	0.9541	(null)	(null)	(null)	2020-11-20	11:36:50.481	TTL1	 AP Coil	0.0000	(null)	(null)	(null)	(null)	(null)	(null)	(null)
Sample 301	Session 1	301	Subj1_visit4_PSC_ReverseCoil	182.7844	128.9068	180.2383	-0.3113	0.8050	0.5050	-0.7689	-0.5257	0.3639	0.5585	-0.2751	0.7826	2.6635	0.9408	0.7143	0.8742	(null)	(null)	(null)	2020-11-20	11:36:51.081	TTL1	 AP Coil	0.0000	(null)	(null)	(null)	(null)	(null)	(null)	(null)
Sample 302	Session 1	302	Subj1_visit4_PSC_ReverseCoil	182.8821	128.6431	180.5189	-0.3100	0.8041	0.5073	-0.7705	-0.5251	0.3613	0.5569	-0.2789	0.7824	2.4223	1.1339	0.9482	0.8968	(null)	(null)	(null)	2020-11-20	11:36:51.582	TTL1	 AP Coil	0.0000	(null)	(null)	(null)	(null)	(null)	(null)	(null)
Sample 303	Session 1	303	Subj1_visit4_PSC_ReverseCoil	182.6717	129.0121	180.5649	-0.3086	0.8051	0.5065	-0.7715	-0.5233	0.3618	0.5564	-0.2791	0.7826	2.4835	0.8752	0.9775	0.7830	(null)	(null)	(null)	2020-11-20	11:36:52.181	TTL1	 AP Coil	0.0000	(null)	(null)	(null)	(null)	(null)	(null)	(null)
Sample 304	Session 1	304	Subj1_visit4_PSC_ReverseCoil	182.7287	129.1148	180.6680	-0.3099	0.8044	0.5069	-0.7720	-0.5241	0.3596	0.5549	-0.2800	0.7834	2.3675	0.7689	1.0617	0.8732	(null)	(null)	(null)	2020-11-20	11:36:52.682	TTL1	 AP Coil	0.0000	(null)	(null)	(null)	(null)	(null)	(null)	(null)
Sample 305	Session 1	305	Subj1_visit4_PSC_ReverseCoil	182.7381	129.2352	180.5443	-0.3109	0.8054	0.5047	-0.7713	-0.5240	0.3611	0.5553	-0.2770	0.7842	2.4529	0.6462	0.9120	0.8370	(null)	(null)	(null)	2020-11-20	11:36:53.281	TTL1	 AP Coil	0.0000	(null)	(null)	(null)	(null)	(null)	(null)	(null)
Sample 306	Session 1	306	Subj1_visit4_PSC_ReverseCoil	182.7921	129.4680	180.5938	-0.3103	0.8061	0.5039	-0.7725	-0.5227	0.3605	0.5540	-0.2774	0.7849	2.4024	0.4421	0.9821	0.7749	(null)	(null)	(null)	2020-11-20	11:36:53.782	TTL1	 AP Coil	0.0000	(null)	(null)	(null)	(null)	(null)	(null)	(null)
Sample 307	Session 1	307	Subj1_visit4_PSC_ReverseCoil	182.6100	129.4877	180.7783	-0.3107	0.8061	0.5037	-0.7722	-0.5231	0.3608	0.5543	-0.2769	0.7849	2.4067	0.6284	0.9479	0.7895	(null)	(null)	(null)	2020-11-20	11:36:54.381	TTL1	 AP Coil	0.0000	(null)	(null)	(null)	(null)	(null)	(null)	(null)
Sample 308	Session 1	308	Subj1_visit4_PSC_ReverseCoil	183.5330	129.5594	180.5280	-0.3133	0.8039	0.5055	-0.7715	-0.5259	0.3581	0.5538	-0.2778	0.7850	2.0603	0.3635	1.0079	1.0070	(null)	(null)	(null)	2020-11-20	11:37:04.378	TTL1	 AP Coil	0.0000	(null)	(null)	(null)	(null)	(null)	(null)	(null)
Sample 309	Session 1	309	Subj1_visit4_PSC_ReverseCoil	183.2711	129.8977	180.3882	-0.3147	0.8043	0.5041	-0.7717	-0.5260	0.3574	0.5526	-0.2766	0.7862	2.3887	0.2367	1.0117	1.0261	(null)	(null)	(null)	2020-11-20	11:37:04.879	TTL1	 AP Coil	0.0000	(null)	(null)	(null)	(null)	(null)	(null)	(null)
Sample 310	Session 1	310	Subj1_visit4_PSC_ReverseCoil	183.1362	129.2864	180.6929	-0.3126	0.8044	0.5052	-0.7714	-0.5253	0.3591	0.5543	-0.2774	0.7847	2.0865	0.4258	0.9726	0.9537	(null)	(null)	(null)	2020-11-20	11:37:05.380	TTL1	 AP Coil	0.0000	(null)	(null)	(null)	(null)	(null)	(null)	(null)
Sample 311	Session 1	311	Subj1_visit4_PSC_ReverseCoil	182.9134	129.2589	180.6199	-0.3135	0.8052	0.5033	-0.7709	-0.5253	0.3603	0.5545	-0.2751	0.7854	2.2813	0.5382	0.8678	0.9271	(null)	(null)	(null)	2020-11-20	11:37:05.881	TTL1	 AP Coil	0.0000	(null)	(null)	(null)	(null)	(null)	(null)	(null)
Sample 312	Session 1	312	Subj1_visit4_PSC_ReverseCoil	182.9418	129.4999	180.6732	-0.3144	0.8049	0.5032	-0.7711	-0.5257	0.3591	0.5536	-0.2751	0.7860	2.2503	0.3344	0.9148	0.9746	(null)	(null)	(null)	2020-11-20	11:37:06.383	TTL1	 AP Coil	0.0000	(null)	(null)	(null)	(null)	(null)	(null)	(null)
Sample 313	Session 1	313	Subj1_visit4_PSC_ReverseCoil	183.2295	129.8953	180.7080	-0.3162	0.8040	0.5036	-0.7719	-0.5267	0.3561	0.5516	-0.2761	0.7871	2.1559	0.1889	1.0486	1.0923	(null)	(null)	(null)	2020-11-20	11:37:06.981	TTL1	 AP Coil	0.0000	(null)	(null)	(null)	(null)	(null)	(null)	(null)
Sample 314	Session 1	314	Subj1_visit4_PSC_ReverseCoil	183.2747	129.6422	180.8939	-0.3173	0.8026	0.5052	-0.7710	-0.5285	0.3553	0.5522	-0.2768	0.7865	1.9086	0.0872	1.0402	1.2147	(null)	(null)	(null)	2020-11-20	11:37:07.483	TTL1	 AP Coil	0.0000	(null)	(null)	(null)	(null)	(null)	(null)	(null)
Sample 315	Session 1	315	Subj1_visit4_PSC_ReverseCoil	183.2749	129.6069	180.6314	-0.3173	0.8021	0.5060	-0.7707	-0.5290	0.3553	0.5526	-0.2772	0.7860	2.1065	0.1211	1.0360	1.2456	(null)	(null)	(null)	2020-11-20	11:37:07.984	TTL1	 AP Coil	0.0000	(null)	(null)	(null)	(null)	(null)	(null)	(null)
Sample 316	Session 1	316	Subj1_visit4_PSC_ReverseCoil	183.7126	129.0970	180.3287	-0.3097	0.8000	0.5139	-0.7670	-0.5296	0.3622	0.5619	-0.2820	0.7777	2.1304	0.8643	1.0611	1.1472	(null)	(null)	(null)	2020-11-20	11:37:18.274	TTL1	 AP Coil	0.0000	(null)	(null)	(null)	(null)	(null)	(null)	(null)
Sample 317	Session 1	317	Subj1_visit4_PSC_ReverseCoil	183.5357	129.9646	180.0546	-0.3125	0.8025	0.5083	-0.7685	-0.5281	0.3613	0.5583	-0.2777	0.7818	2.5891	0.6463	0.8541	1.0730	(null)	(null)	(null)	2020-11-20	11:37:18.775	TTL1	 AP Coil	0.0000	(null)	(null)	(null)	(null)	(null)	(null)	(null)
Sample 318	Session 1	318	Subj1_visit4_PSC_ReverseCoil	183.3377	129.6361	180.3908	-0.3121	0.8008	0.5112	-0.7681	-0.5294	0.3603	0.5591	-0.2802	0.7803	2.2829	0.3020	0.9770	1.1706	(null)	(null)	(null)	2020-11-20	11:37:19.276	TTL1	 AP Coil	0.0000	(null)	(null)	(null)	(null)	(null)	(null)	(null)
Sample 319	Session 1	319	Subj1_visit4_PSC_ReverseCoil	182.9375	129.2181	180.6488	-0.3115	0.7998	0.5132	-0.7668	-0.5305	0.3613	0.5612	-0.2810	0.7785	2.2416	0.5685	1.0018	1.2152	(null)	(null)	(null)	2020-11-20	11:37:19.778	TTL1	 AP Coil	0.0000	(null)	(null)	(null)	(null)	(null)	(null)	(null)
Sample 320	Session 1	320	Subj1_visit4_PSC_ReverseCoil	183.1897	129.0823	180.4971	-0.3106	0.8004	0.5128	-0.7670	-0.5297	0.3622	0.5615	-0.2808	0.7784	2.2093	0.6649	0.9888	1.1499	(null)	(null)	(null)	2020-11-20	11:37:20.280	TTL1	 AP Coil	0.0000	(null)	(null)	(null)	(null)	(null)	(null)	(null)
Sample 321	Session 1	321	Subj1_visit4_PSC_ReverseCoil	183.2381	129.4238	180.5047	-0.3117	0.8003	0.5122	-0.7673	-0.5300	0.3611	0.5605	-0.2804	0.7792	2.1972	0.3453	0.9736	1.1902	(null)	(null)	(null)	2020-11-20	11:37:20.781	TTL1	 AP Coil	0.0000	(null)	(null)	(null)	(null)	(null)	(null)	(null)
Sample 322	Session 1	322	Subj1_visit4_PSC_ReverseCoil	183.2348	129.4138	180.3088	-0.3106	0.8003	0.5129	-0.7676	-0.5294	0.3613	0.5607	-0.2815	0.7787	2.3641	0.4488	1.0339	1.1529	(null)	(null)	(null)	2020-11-20	11:37:21.282	TTL1	 AP Coil	0.0000	(null)	(null)	(null)	(null)	(null)	(null)	(null)
Sample 323	Session 1	323	Subj1_visit4_PSC_ReverseCoil	183.1414	129.4863	180.3901	-0.3117	0.7999	0.5129	-0.7672	-0.5303	0.3609	0.5606	-0.2810	0.7789	2.3534	0.3256	1.0048	1.2148	(null)	(null)	(null)	2020-11-20	11:37:21.784	TTL1	 AP Coil	0.0000	(null)	(null)	(null)	(null)	(null)	(null)	(null)
Sample 324	Session 1	324	Subj1_visit4_PSC_ReverseCoil	183.1926	130.1472	180.4894	-0.2948	0.8088	0.5089	-0.7714	-0.5157	0.3727	0.5639	-0.2826	0.7760	2.4398	0.3766	1.1160	0.1218	(null)	(null)	(null)	2020-11-20	11:37:32.187	TTL1	 AP Coil	0.0000	(null)	(null)	(null)	(null)	(null)	(null)	(null)
Sample 325	Session 1	325	Subj1_visit4_PSC_ReverseCoil	183.1405	130.0679	180.5643	-0.2952	0.8084	0.5093	-0.7714	-0.5162	0.3722	0.5638	-0.2830	0.7759	2.3775	0.2917	1.1340	0.1621	(null)	(null)	(null)	2020-11-20	11:37:32.786	TTL1	 AP Coil	0.0000	(null)	(null)	(null)	(null)	(null)	(null)	(null)
Sample 326	Session 1	326	Subj1_visit4_PSC_ReverseCoil	183.1584	130.0849	180.4689	-0.2957	0.8083	0.5091	-0.7715	-0.5163	0.3716	0.5633	-0.2829	0.7763	2.4472	0.3039	1.1257	0.1805	(null)	(null)	(null)	2020-11-20	11:37:33.384	TTL1	 AP Coil	0.0000	(null)	(null)	(null)	(null)	(null)	(null)	(null)
Sample 327	Session 1	327	Subj1_visit4_PSC_ReverseCoil	183.2990	129.7130	180.5678	-0.2962	0.8071	0.5107	-0.7712	-0.5175	0.3706	0.5634	-0.2841	0.7758	2.1726	0.1558	1.1979	0.2710	(null)	(null)	(null)	2020-11-20	11:37:33.886	TTL1	 AP Coil	0.0000	(null)	(null)	(null)	(null)	(null)	(null)	(null)
Sample 328	Session 1	328	Subj1_visit4_PSC_ReverseCoil	183.2746	129.9372	180.3952	-0.2977	0.8080	0.5085	-0.7712	-0.5175	0.3708	0.5627	-0.2817	0.7771	2.3944	0.2774	1.0514	0.2616	(null)	(null)	(null)	2020-11-20	11:37:34.387	TTL1	 AP Coil	0.0000	(null)	(null)	(null)	(null)	(null)	(null)	(null)
Sample 329	Session 1	329	Subj1_visit4_PSC_ReverseCoil	183.3798	129.9764	180.3657	-0.2985	0.8079	0.5081	-0.7711	-0.5179	0.3704	0.5624	-0.2812	0.7776	2.3852	0.3895	1.0195	0.2937	(null)	(null)	(null)	2020-11-20	11:37:34.986	TTL1	 AP Coil	0.0000	(null)	(null)	(null)	(null)	(null)	(null)	(null)
Sample 330	Session 1	330	Subj1_visit4_PSC_ReverseCoil	183.2477	130.0194	180.5625	-0.3010	0.8071	0.5079	-0.7697	-0.5200	0.3703	0.5630	-0.2795	0.7778	2.3046	0.2918	0.9165	0.4207	(null)	(null)	(null)	2020-11-20	11:37:35.585	TTL1	 AP Coil	0.0000	(null)	(null)	(null)	(null)	(null)	(null)	(null)
Sample 331	Session 1	331	Subj1_visit4_PSC_ReverseCoil	183.3599	129.8773	180.6030	-0.3012	0.8064	0.5089	-0.7691	-0.5209	0.3702	0.5636	-0.2799	0.7771	2.1650	0.2414	0.9491	0.4757	(null)	(null)	(null)	2020-11-20	11:37:36.086	TTL1	 AP Coil	0.0000	(null)	(null)	(null)	(null)	(null)	(null)	(null)
Sample 332	Session 1	332	Subj1_visit4_PSC_ReverseCoil	182.8829	129.7693	180.1851	-0.3165	0.8069	0.4988	-0.7662	-0.5275	0.3670	0.5592	-0.2660	0.7851	2.7177	0.0799	0.3648	0.9130	(null)	(null)	(null)	2020-11-20	11:37:46.086	TTL1	 AP Coil	0.0000	(null)	(null)	(null)	(null)	(null)	(null)	(null)
Sample 333	Session 1	333	Subj1_visit4_PSC_ReverseCoil	182.9585	129.5055	180.2296	-0.3158	0.8058	0.5010	-0.7657	-0.5282	0.3669	0.5603	-0.2677	0.7838	2.5885	0.3206	0.3313	0.9620	(null)	(null)	(null)	2020-11-20	11:37:46.587	TTL1	 AP Coil	0.0000	(null)	(null)	(null)	(null)	(null)	(null)	(null)
Sample 334	Session 1	334	Subj1_visit4_PSC_ReverseCoil	182.9640	129.5322	180.2613	-0.3173	0.8053	0.5008	-0.7655	-0.5292	0.3660	0.5598	-0.2673	0.7843	2.5636	0.2838	0.3476	1.0396	(null)	(null)	(null)	2020-11-20	11:37:47.186	TTL1	 AP Coil	0.0000	(null)	(null)	(null)	(null)	(null)	(null)	(null)
Sample 335	Session 1	335	Subj1_visit4_PSC_ReverseCoil	182.9230	129.7135	180.2266	-0.3175	0.8050	0.5012	-0.7653	-0.5296	0.3658	0.5599	-0.2674	0.7842	2.6494	0.1238	0.3474	1.0619	(null)	(null)	(null)	2020-11-20	11:37:47.688	TTL1	 AP Coil	0.0000	(null)	(null)	(null)	(null)	(null)	(null)	(null)
Sample 336	Session 1	336	Subj1_visit4_PSC_ReverseCoil	182.8742	129.4921	180.2135	-0.3158	0.8047	0.5028	-0.7651	-0.5294	0.3667	0.5612	-0.2689	0.7828	2.6473	0.3481	0.3327	1.0334	(null)	(null)	(null)	2020-11-20	11:37:48.286	TTL1	 AP Coil	0.0000	(null)	(null)	(null)	(null)	(null)	(null)	(null)
Sample 337	Session 1	337	Subj1_visit4_PSC_ReverseCoil	182.8566	129.5387	180.2169	-0.3150	0.8056	0.5019	-0.7654	-0.5283	0.3676	0.5612	-0.2683	0.7829	2.6617	0.3040	0.3069	0.9511	(null)	(null)	(null)	2020-11-20	11:37:48.787	TTL1	 AP Coil	0.0000	(null)	(null)	(null)	(null)	(null)	(null)	(null)
Sample 338	Session 1	338	Subj1_visit4_PSC_ReverseCoil	182.8087	129.6191	180.3608	-0.3143	0.8049	0.5033	-0.7660	-0.5282	0.3663	0.5607	-0.2705	0.7826	2.5916	0.2495	0.4226	0.9734	(null)	(null)	(null)	2020-11-20	11:37:49.386	TTL1	 AP Coil	0.0000	(null)	(null)	(null)	(null)	(null)	(null)	(null)
Sample 339	Session 1	339	Subj1_visit4_PSC_ReverseCoil	182.7327	129.7182	180.3591	-0.3151	0.8053	0.5023	-0.7658	-0.5284	0.3666	0.5606	-0.2691	0.7831	2.6607	0.2335	0.3640	0.9755	(null)	(null)	(null)	2020-11-20	11:37:49.887	TTL1	 AP Coil	0.0000	(null)	(null)	(null)	(null)	(null)	(null)	(null)
Sample 340	Session 1	340	Subj1_visit4_PSC_ReverseCoil	182.9209	129.4881	180.3065	-0.3200	0.8011	0.5058	-0.7627	-0.5345	0.3640	0.5620	-0.2693	0.7821	2.5451	0.3256	0.3273	1.3908	(null)	(null)	(null)	2020-11-20	11:37:59.985	TTL1	 AP Coil	0.0000	(null)	(null)	(null)	(null)	(null)	(null)	(null)
Sample 341	Session 1	341	Subj1_visit4_PSC_ReverseCoil	183.1040	129.4839	180.1836	-0.3121	0.8052	0.5043	-0.7660	-0.5273	0.3678	0.5620	-0.2715	0.7813	2.5461	0.3940	0.4434	0.8878	(null)	(null)	(null)	2020-11-20	11:38:00.487	TTL1	 AP Coil	0.0000	(null)	(null)	(null)	(null)	(null)	(null)	(null)
Sample 342	Session 1	342	Subj1_visit4_PSC_ReverseCoil	183.2068	129.3715	180.0241	-0.3132	0.8038	0.5058	-0.7653	-0.5290	0.3666	0.5623	-0.2723	0.7808	2.6216	0.6036	0.4883	1.0135	(null)	(null)	(null)	2020-11-20	11:38:00.988	TTL1	 AP Coil	0.0000	(null)	(null)	(null)	(null)	(null)	(null)	(null)
Sample 343	Session 1	343	Subj1_visit4_PSC_ReverseCoil	183.4045	129.8742	180.0067	-0.3134	0.8046	0.5044	-0.7666	-0.5279	0.3657	0.5605	-0.2721	0.7822	2.6505	0.5552	0.5103	0.9673	(null)	(null)	(null)	2020-11-20	11:38:01.489	TTL1	 AP Coil	0.0000	(null)	(null)	(null)	(null)	(null)	(null)	(null)
Sample 344	Session 1	344	Subj1_visit4_PSC_ReverseCoil	183.4053	129.7845	180.1543	-0.3142	0.8038	0.5051	-0.7664	-0.5288	0.3648	0.5603	-0.2725	0.7822	2.4956	0.4674	0.5348	1.0403	(null)	(null)	(null)	2020-11-20	11:38:02.089	TTL1	 AP Coil	0.0000	(null)	(null)	(null)	(null)	(null)	(null)	(null)
Sample 345	Session 1	345	Subj1_visit4_PSC_ReverseCoil	183.5724	129.7846	179.9690	-0.3141	0.8041	0.5048	-0.7667	-0.5284	0.3646	0.5599	-0.2726	0.7825	2.6020	0.7101	0.5499	1.0209	(null)	(null)	(null)	2020-11-20	11:38:02.590	TTL1	 AP Coil	0.0000	(null)	(null)	(null)	(null)	(null)	(null)	(null)
Sample 346	Session 1	346	Subj1_visit4_PSC_ReverseCoil	183.4457	129.6102	180.1648	-0.3145	0.8030	0.5061	-0.7659	-0.5297	0.3644	0.5607	-0.2731	0.7817	2.4295	0.5224	0.5552	1.0999	(null)	(null)	(null)	2020-11-20	11:38:03.189	TTL1	 AP Coil	0.0000	(null)	(null)	(null)	(null)	(null)	(null)	(null)
Sample 347	Session 1	347	Subj1_visit4_PSC_ReverseCoil	183.3324	129.5336	179.9120	-0.3136	0.8037	0.5057	-0.7658	-0.5289	0.3657	0.5614	-0.2726	0.7814	2.6887	0.6347	0.5145	1.0296	(null)	(null)	(null)	2020-11-20	11:38:03.690	TTL1	 AP Coil	0.0000	(null)	(null)	(null)	(null)	(null)	(null)	(null)
Sample 348	Session 1	348	Subj1_visit4_PSC_ReverseCoil	182.6287	130.0609	180.0168	-0.3122	0.8113	0.4943	-0.7679	-0.5218	0.3714	0.5593	-0.2637	0.7859	3.0724	0.1640	0.3714	0.4952	(null)	(null)	(null)	2020-11-20	11:38:13.881	TTL1	 AP Coil	0.0000	(null)	(null)	(null)	(null)	(null)	(null)	(null)
Sample 349	Session 1	349	Subj1_visit4_PSC_ReverseCoil	182.7510	129.8867	180.0460	-0.3130	0.8108	0.4946	-0.7684	-0.5222	0.3699	0.5582	-0.2643	0.7865	2.9308	0.0169	0.4384	0.5475	(null)	(null)	(null)	2020-11-20	11:38:14.383	TTL1	 AP Coil	0.0000	(null)	(null)	(null)	(null)	(null)	(null)	(null)
Sample 350	Session 1	350	Subj1_visit4_PSC_ReverseCoil	182.6468	129.8146	180.0823	-0.3135	0.8109	0.4942	-0.7672	-0.5229	0.3714	0.5596	-0.2627	0.7861	2.9450	0.1424	0.3725	0.5619	(null)	(null)	(null)	2020-11-20	11:38:14.884	TTL1	 AP Coil	0.0000	(null)	(null)	(null)	(null)	(null)	(null)	(null)
Sample 351	Session 1	351	Subj1_visit4_PSC_ReverseCoil	182.6073	130.0302	180.0660	-0.3129	0.8102	0.4956	-0.7679	-0.5229	0.3699	0.5589	-0.2649	0.7858	3.0385	0.1773	0.3882	0.5895	(null)	(null)	(null)	2020-11-20	11:38:15.386	TTL1	 AP Coil	0.0000	(null)	(null)	(null)	(null)	(null)	(null)	(null)
Sample 352	Session 1	352	Subj1_visit4_PSC_ReverseCoil	182.7165	129.7399	180.1169	-0.3140	0.8094	0.4963	-0.7668	-0.5244	0.3702	0.5599	-0.2643	0.7853	2.8602	0.1611	0.3187	0.6726	(null)	(null)	(null)	2020-11-20	11:38:15.886	TTL1	 AP Coil	0.0000	(null)	(null)	(null)	(null)	(null)	(null)	(null)
Sample 353	Session 1	353	Subj1_visit4_PSC_ReverseCoil	182.6822	129.7870	179.9684	-0.3133	0.8106	0.4948	-0.7675	-0.5230	0.3708	0.5593	-0.2636	0.7860	3.0069	0.1328	0.3734	0.5743	(null)	(null)	(null)	2020-11-20	11:38:16.387	TTL1	 AP Coil	0.0000	(null)	(null)	(null)	(null)	(null)	(null)	(null)
