# Version: 12
# Coordinate system: Brainsight
# Created by: Brainsight 2.5b3
# X=right->left, Y=anterior->posterior, Z=inferior->superior
# Units: millimetres, degrees, milliseconds, and microvolts
# Encoding: UTF-8
# Notes: Each column is delimited by a tab. Each value within a column is delimited by a semicolon.
# Sample Name	Session Name	Index	Assoc. Target	Loc. X	Loc. Y	Loc. Z	m0n0	m0n1	m0n2	m1n0	m1n1	m1n2	m2n0	m2n1	m2n2	Dist. to Target	Target Error	Angular Error	Twist Error	Stim. Power A	Stim. Pulse Interval	Stim. Power B	Date	Time	Creation Cause	Crosshairs Driver	Offset	Comment	EMG Channels	EMG Window Start	EMG Window End	EMG Peak-to-peak 1
Sample 1	Session imported from “Hotspot+Block1.txt”	1	PSC	174.2739	150.5319	190.6612	-0.9966	0.0126	0.0813	0.0290	-0.8707	0.4910	0.0770	0.4917	0.8674	(null)	(null)	(null)	(null)	(null)	(null)	(null)	2020-11-20	11:12:37.909	TTL1	Pointer	0.0000	(null)	1	10.0000	90.0000	14.8470
Sample 2	Session imported from “Hotspot+Block1.txt”	2	PSC	174.2739	150.5319	190.6612	-0.9966	0.0126	0.0813	0.0290	-0.8707	0.4910	0.0770	0.4917	0.8674	(null)	(null)	(null)	(null)	(null)	(null)	(null)	2020-11-20	11:12:38.006	TTL1	Pointer	0.0000	(null)	1	10.0000	90.0000	15.9891
Sample 3	Session imported from “Hotspot+Block1.txt”	3	PSC	174.2739	150.5319	190.6612	-0.9966	0.0126	0.0813	0.0290	-0.8707	0.4910	0.0770	0.4917	0.8674	(null)	(null)	(null)	(null)	(null)	(null)	(null)	2020-11-20	11:12:38.104	TTL1	Pointer	0.0000	(null)	1	10.0000	90.0000	17.1312
Sample 4	Session imported from “Hotspot+Block1.txt”	4	PSC	174.2739	150.5319	190.6612	-0.9966	0.0126	0.0813	0.0290	-0.8707	0.4910	0.0770	0.4917	0.8674	(null)	(null)	(null)	(null)	(null)	(null)	(null)	2020-11-20	11:12:38.201	TTL1	Pointer	0.0000	(null)	1	10.0000	90.0000	18.2732
Sample 5	Session imported from “Hotspot+Block1.txt”	5	PSC	174.2739	150.5319	190.6612	-0.9966	0.0126	0.0813	0.0290	-0.8707	0.4910	0.0770	0.4917	0.8674	(null)	(null)	(null)	(null)	(null)	(null)	(null)	2020-11-20	11:12:38.299	TTL1	Pointer	0.0000	(null)	1	10.0000	90.0000	19.4153
Sample 6	Session imported from “Hotspot+Block1.txt”	6	PSC	174.2739	150.5319	190.6612	-0.9966	0.0126	0.0813	0.0290	-0.8707	0.4910	0.0770	0.4917	0.8674	(null)	(null)	(null)	(null)	(null)	(null)	(null)	2020-11-20	11:12:38.413	TTL1	Pointer	0.0000	(null)	1	10.0000	90.0000	20.5574
Sample 7	Session imported from “Hotspot+Block1.txt”	7	PSC	174.2739	150.5319	190.6612	-0.9966	0.0126	0.0813	0.0290	-0.8707	0.4910	0.0770	0.4917	0.8674	(null)	(null)	(null)	(null)	(null)	(null)	(null)	2020-11-20	11:12:38.507	TTL1	Pointer	0.0000	(null)	1	10.0000	90.0000	17.1312
Sample 8	Session imported from “Hotspot+Block1.txt”	8	PSC	174.2739	150.5319	190.6612	-0.9966	0.0126	0.0813	0.0290	-0.8707	0.4910	0.0770	0.4917	0.8674	(null)	(null)	(null)	(null)	(null)	(null)	(null)	2020-11-20	11:12:38.605	TTL1	Pointer	0.0000	(null)	1	10.0000	90.0000	28.5519
Sample 9	Session imported from “Hotspot+Block1.txt”	9	PSC	174.2739	150.5319	190.6612	-0.9966	0.0126	0.0813	0.0290	-0.8707	0.4910	0.0770	0.4917	0.8674	(null)	(null)	(null)	(null)	(null)	(null)	(null)	2020-11-20	11:12:38.703	TTL1	Pointer	0.0000	(null)	1	10.0000	90.0000	17.1312
Sample 10	Session imported from “Hotspot+Block1.txt”	10	PSC	174.2739	150.5319	190.6612	-0.9966	0.0126	0.0813	0.0290	-0.8707	0.4910	0.0770	0.4917	0.8674	(null)	(null)	(null)	(null)	(null)	(null)	(null)	2020-11-20	11:12:38.805	TTL1	Pointer	0.0000	(null)	1	10.0000	90.0000	18.2732
Sample 11	Session imported from “Hotspot+Block1.txt”	11	PSC	174.2739	150.5319	190.6612	-0.9966	0.0126	0.0813	0.0290	-0.8707	0.4910	0.0770	0.4917	0.8674	(null)	(null)	(null)	(null)	(null)	(null)	(null)	2020-11-20	11:12:38.897	TTL1	Pointer	0.0000	(null)	1	10.0000	90.0000	20.5574
Sample 12	Session imported from “Hotspot+Block1.txt”	12	PSC	174.2739	150.5319	190.6612	-0.9966	0.0126	0.0813	0.0290	-0.8707	0.4910	0.0770	0.4917	0.8674	(null)	(null)	(null)	(null)	(null)	(null)	(null)	2020-11-20	11:12:39.008	TTL1	Pointer	0.0000	(null)	1	10.0000	90.0000	19.4153
Sample 13	Session imported from “Hotspot+Block1.txt”	13	PSC	174.2739	150.5319	190.6612	-0.9966	0.0126	0.0813	0.0290	-0.8707	0.4910	0.0770	0.4917	0.8674	(null)	(null)	(null)	(null)	(null)	(null)	(null)	2020-11-20	11:12:39.106	TTL1	Pointer	0.0000	(null)	1	10.0000	90.0000	26.2678
Sample 14	Session imported from “Hotspot+Block1.txt”	14	PSC	174.2739	150.5319	190.6612	-0.9966	0.0126	0.0813	0.0290	-0.8707	0.4910	0.0770	0.4917	0.8674	(null)	(null)	(null)	(null)	(null)	(null)	(null)	2020-11-20	11:12:39.204	TTL1	Pointer	0.0000	(null)	1	10.0000	90.0000	15.9891
Sample 15	Session imported from “Hotspot+Block1.txt”	15	PSC	174.2739	150.5319	190.6612	-0.9966	0.0126	0.0813	0.0290	-0.8707	0.4910	0.0770	0.4917	0.8674	(null)	(null)	(null)	(null)	(null)	(null)	(null)	2020-11-20	11:12:39.301	TTL1	Pointer	0.0000	(null)	1	10.0000	90.0000	17.1312
Sample 16	Session imported from “Hotspot+Block1.txt”	16	PSC	174.2739	150.5319	190.6612	-0.9966	0.0126	0.0813	0.0290	-0.8707	0.4910	0.0770	0.4917	0.8674	(null)	(null)	(null)	(null)	(null)	(null)	(null)	2020-11-20	11:12:39.398	TTL1	Pointer	0.0000	(null)	1	10.0000	90.0000	18.2732
Sample 17	Session imported from “Hotspot+Block1.txt”	17	PSC	174.2739	150.5319	190.6612	-0.9966	0.0126	0.0813	0.0290	-0.8707	0.4910	0.0770	0.4917	0.8674	(null)	(null)	(null)	(null)	(null)	(null)	(null)	2020-11-20	11:12:39.510	TTL1	Pointer	0.0000	(null)	1	10.0000	90.0000	15.9891
Sample 18	Session imported from “Hotspot+Block1.txt”	18	PSC	174.2739	150.5319	190.6612	-0.9966	0.0126	0.0813	0.0290	-0.8707	0.4910	0.0770	0.4917	0.8674	(null)	(null)	(null)	(null)	(null)	(null)	(null)	2020-11-20	11:12:39.607	TTL1	Pointer	0.0000	(null)	1	10.0000	90.0000	25.1257
Sample 19	Session imported from “Hotspot+Block1.txt”	19	PSC	174.2739	150.5319	190.6612	-0.9966	0.0126	0.0813	0.0290	-0.8707	0.4910	0.0770	0.4917	0.8674	(null)	(null)	(null)	(null)	(null)	(null)	(null)	2020-11-20	11:12:39.704	TTL1	Pointer	0.0000	(null)	1	10.0000	90.0000	13.7049
Sample 20	Session imported from “Hotspot+Block1.txt”	20	Subj1_visit4_PSC_ReverseCoil	183.8640	129.6498	180.8320	-0.3284	0.8058	0.4928	-0.7572	-0.5365	0.3727	0.5647	-0.2507	0.7863	(null)	(null)	(null)	(null)	(null)	(null)	(null)	2020-11-20	11:23:52.134	TTL1	 AP Coil	0.0000	(null)	(null)	(null)	(null)	(null)
Sample 21	Session imported from “Hotspot+Block1.txt”	21	Subj1_visit4_PSC_ReverseCoil	183.7742	129.5324	180.8587	-0.3285	0.8063	0.4920	-0.7575	-0.5360	0.3726	0.5641	-0.2503	0.7868	(null)	(null)	(null)	(null)	(null)	(null)	(null)	2020-11-20	11:23:52.635	TTL1	 AP Coil	0.0000	(null)	(null)	(null)	(null)	(null)
Sample 22	Session imported from “Hotspot+Block1.txt”	22	Subj1_visit4_PSC_ReverseCoil	183.6003	129.3856	180.9386	-0.3304	0.8058	0.4914	-0.7567	-0.5373	0.3723	0.5641	-0.2488	0.7873	(null)	(null)	(null)	(null)	(null)	(null)	(null)	2020-11-20	11:23:53.137	TTL1	 AP Coil	0.0000	(null)	(null)	(null)	(null)	(null)
Sample 23	Session imported from “Hotspot+Block1.txt”	23	Subj1_visit4_PSC_ReverseCoil	183.6162	129.3275	180.9064	-0.3319	0.8068	0.4887	-0.7589	-0.5361	0.3696	0.5602	-0.2482	0.7903	(null)	(null)	(null)	(null)	(null)	(null)	(null)	2020-11-20	11:23:53.638	TTL1	 AP Coil	0.0000	(null)	(null)	(null)	(null)	(null)
Sample 24	Session imported from “Hotspot+Block1.txt”	24	Subj1_visit4_PSC_ReverseCoil	183.3793	129.2218	181.0481	-0.3343	0.8079	0.4854	-0.7586	-0.5363	0.3701	0.5593	-0.2445	0.7921	(null)	(null)	(null)	(null)	(null)	(null)	(null)	2020-11-20	11:23:54.237	TTL1	 AP Coil	0.0000	(null)	(null)	(null)	(null)	(null)
Sample 25	Session imported from “Hotspot+Block1.txt”	25	Subj1_visit4_PSC_ReverseCoil	183.2344	129.3594	181.2056	-0.3376	0.8077	0.4834	-0.7575	-0.5380	0.3699	0.5588	-0.2413	0.7934	(null)	(null)	(null)	(null)	(null)	(null)	(null)	2020-11-20	11:23:54.739	TTL1	 AP Coil	0.0000	(null)	(null)	(null)	(null)	(null)
Sample 26	Session imported from “Hotspot+Block1.txt”	26	Subj1_visit4_PSC_ReverseCoil	183.3296	129.5464	181.1987	-0.3399	0.8073	0.4824	-0.7579	-0.5389	0.3678	0.5569	-0.2406	0.7950	(null)	(null)	(null)	(null)	(null)	(null)	(null)	2020-11-20	11:23:55.337	TTL1	 AP Coil	0.0000	(null)	(null)	(null)	(null)	(null)
Sample 27	Session imported from “Hotspot+Block1.txt”	27	Subj1_visit4_PSC_ReverseCoil	183.4074	129.4539	181.1078	-0.3404	0.8080	0.4808	-0.7577	-0.5385	0.3685	0.5567	-0.2389	0.7956	(null)	(null)	(null)	(null)	(null)	(null)	(null)	2020-11-20	11:23:55.838	TTL1	 AP Coil	0.0000	(null)	(null)	(null)	(null)	(null)
Sample 28	Session imported from “Hotspot+Block1.txt”	28	Subj1_visit4_PSC_ReverseCoil	183.4322	129.3745	181.0614	-0.3090	0.8185	0.4844	-0.7604	-0.5185	0.3910	0.5712	-0.2475	0.7826	(null)	(null)	(null)	(null)	(null)	(null)	(null)	2020-11-20	11:24:06.033	TTL1	 AP Coil	0.0000	(null)	(null)	(null)	(null)	(null)
Sample 29	Session imported from “Hotspot+Block1.txt”	29	Subj1_visit4_PSC_ReverseCoil	183.1827	129.4759	181.2855	-0.3111	0.8183	0.4832	-0.7603	-0.5194	0.3901	0.5702	-0.2460	0.7838	(null)	(null)	(null)	(null)	(null)	(null)	(null)	2020-11-20	11:24:06.534	TTL1	 AP Coil	0.0000	(null)	(null)	(null)	(null)	(null)
Sample 30	Session imported from “Hotspot+Block1.txt”	30	Subj1_visit4_PSC_ReverseCoil	183.2389	129.4739	181.2417	-0.3102	0.8186	0.4834	-0.7607	-0.5187	0.3902	0.5702	-0.2467	0.7836	(null)	(null)	(null)	(null)	(null)	(null)	(null)	2020-11-20	11:24:07.035	TTL1	 AP Coil	0.0000	(null)	(null)	(null)	(null)	(null)
Sample 31	Session imported from “Hotspot+Block1.txt”	31	Subj1_visit4_PSC_ReverseCoil	183.0998	129.3670	181.3186	-0.3094	0.8187	0.4837	-0.7598	-0.5187	0.3919	0.5718	-0.2463	0.7826	(null)	(null)	(null)	(null)	(null)	(null)	(null)	2020-11-20	11:24:07.537	TTL1	 AP Coil	0.0000	(null)	(null)	(null)	(null)	(null)
Sample 32	Session imported from “Hotspot+Block1.txt”	32	Subj1_visit4_PSC_ReverseCoil	183.1575	129.5589	181.3328	-0.3089	0.8195	0.4826	-0.7609	-0.5174	0.3916	0.5706	-0.2463	0.7834	(null)	(null)	(null)	(null)	(null)	(null)	(null)	2020-11-20	11:24:08.037	TTL1	 AP Coil	0.0000	(null)	(null)	(null)	(null)	(null)
Sample 33	Session imported from “Hotspot+Block1.txt”	33	Subj1_visit4_PSC_ReverseCoil	183.1653	129.5562	181.3259	-0.3097	0.8187	0.4836	-0.7613	-0.5182	0.3897	0.5696	-0.2475	0.7838	(null)	(null)	(null)	(null)	(null)	(null)	(null)	2020-11-20	11:24:08.538	TTL1	 AP Coil	0.0000	(null)	(null)	(null)	(null)	(null)
Sample 34	Session imported from “Hotspot+Block1.txt”	34	Subj1_visit4_PSC_ReverseCoil	183.3159	129.6640	181.2499	-0.3085	0.8189	0.4839	-0.7612	-0.5176	0.3906	0.5704	-0.2479	0.7831	(null)	(null)	(null)	(null)	(null)	(null)	(null)	2020-11-20	11:24:09.040	TTL1	 AP Coil	0.0000	(null)	(null)	(null)	(null)	(null)
Sample 35	Session imported from “Hotspot+Block1.txt”	35	Subj1_visit4_PSC_ReverseCoil	183.4128	129.4050	181.0867	-0.3083	0.8211	0.4803	-0.7611	-0.5158	0.3933	0.5707	-0.2443	0.7840	(null)	(null)	(null)	(null)	(null)	(null)	(null)	2020-11-20	11:24:09.541	TTL1	 AP Coil	0.0000	(null)	(null)	(null)	(null)	(null)
Sample 36	Session imported from “Hotspot+Block1.txt”	36	Subj1_visit4_PSC_ReverseCoil	183.6353	129.6506	181.0046	-0.3160	0.8085	0.4964	-0.7556	-0.5309	0.3836	0.5737	-0.2539	0.7787	(null)	(null)	(null)	(null)	(null)	(null)	(null)	2020-11-20	11:24:19.941	TTL1	 AP Coil	0.0000	(null)	(null)	(null)	(null)	(null)
Sample 37	Session imported from “Hotspot+Block1.txt”	37	Subj1_visit4_PSC_ReverseCoil	183.5117	129.4646	181.0330	-0.3184	0.8076	0.4964	-0.7538	-0.5332	0.3840	0.5748	-0.2519	0.7785	(null)	(null)	(null)	(null)	(null)	(null)	(null)	2020-11-20	11:24:20.442	TTL1	 AP Coil	0.0000	(null)	(null)	(null)	(null)	(null)
Sample 38	Session imported from “Hotspot+Block1.txt”	38	Subj1_visit4_PSC_ReverseCoil	183.5215	129.6332	181.0843	-0.3177	0.8090	0.4946	-0.7554	-0.5312	0.3837	0.5731	-0.2517	0.7799	(null)	(null)	(null)	(null)	(null)	(null)	(null)	2020-11-20	11:24:21.041	TTL1	 AP Coil	0.0000	(null)	(null)	(null)	(null)	(null)
Sample 39	Session imported from “Hotspot+Block1.txt”	39	Subj1_visit4_PSC_ReverseCoil	183.6467	129.5970	180.9774	-0.3185	0.8084	0.4950	-0.7557	-0.5318	0.3823	0.5723	-0.2523	0.7803	(null)	(null)	(null)	(null)	(null)	(null)	(null)	2020-11-20	11:24:21.640	TTL1	 AP Coil	0.0000	(null)	(null)	(null)	(null)	(null)
Sample 40	Session imported from “Hotspot+Block1.txt”	40	Subj1_visit4_PSC_ReverseCoil	183.5560	129.5134	181.0166	-0.3185	0.8081	0.4955	-0.7547	-0.5325	0.3832	0.5735	-0.2519	0.7795	(null)	(null)	(null)	(null)	(null)	(null)	(null)	2020-11-20	11:24:22.141	TTL1	 AP Coil	0.0000	(null)	(null)	(null)	(null)	(null)
Sample 41	Session imported from “Hotspot+Block1.txt”	41	Subj1_visit4_PSC_ReverseCoil	183.5044	129.7016	181.1210	-0.3194	0.8079	0.4953	-0.7553	-0.5327	0.3818	0.5723	-0.2521	0.7803	(null)	(null)	(null)	(null)	(null)	(null)	(null)	2020-11-20	11:24:22.642	TTL1	 AP Coil	0.0000	(null)	(null)	(null)	(null)	(null)
Sample 42	Session imported from “Hotspot+Block1.txt”	42	Subj1_visit4_PSC_ReverseCoil	183.5036	129.7033	181.1222	-0.3203	0.8084	0.4938	-0.7554	-0.5325	0.3818	0.5716	-0.2507	0.7813	(null)	(null)	(null)	(null)	(null)	(null)	(null)	2020-11-20	11:24:23.241	TTL1	 AP Coil	0.0000	(null)	(null)	(null)	(null)	(null)
Sample 43	Session imported from “Hotspot+Block1.txt”	43	Subj1_visit4_PSC_ReverseCoil	183.5420	129.6709	181.0820	-0.3189	0.8087	0.4943	-0.7555	-0.5318	0.3826	0.5723	-0.2514	0.7806	(null)	(null)	(null)	(null)	(null)	(null)	(null)	2020-11-20	11:24:23.743	TTL1	 AP Coil	0.0000	(null)	(null)	(null)	(null)	(null)
Sample 44	Session imported from “Hotspot+Block1.txt”	44	Subj1_visit4_PSC_ReverseCoil	183.7050	128.9966	180.7242	-0.3113	0.8098	0.4973	-0.7654	-0.5238	0.3739	0.5633	-0.2642	0.7829	(null)	(null)	(null)	(null)	(null)	(null)	(null)	2020-11-20	11:24:33.838	TTL1	 AP Coil	0.0000	(null)	(null)	(null)	(null)	(null)
Sample 45	Session imported from “Hotspot+Block1.txt”	45	Subj1_visit4_PSC_ReverseCoil	183.2948	129.2159	181.1099	-0.3127	0.8118	0.4931	-0.7676	-0.5218	0.3722	0.5595	-0.2621	0.7863	(null)	(null)	(null)	(null)	(null)	(null)	(null)	2020-11-20	11:24:34.339	TTL1	 AP Coil	0.0000	(null)	(null)	(null)	(null)	(null)
Sample 46	Session imported from “Hotspot+Block1.txt”	46	Subj1_visit4_PSC_ReverseCoil	183.5453	129.2522	180.9336	-0.3169	0.8112	0.4914	-0.7672	-0.5239	0.3700	0.5576	-0.2598	0.7884	(null)	(null)	(null)	(null)	(null)	(null)	(null)	2020-11-20	11:24:34.841	TTL1	 AP Coil	0.0000	(null)	(null)	(null)	(null)	(null)
Sample 47	Session imported from “Hotspot+Block1.txt”	47	Subj1_visit4_PSC_ReverseCoil	183.5508	129.2736	180.9370	-0.3179	0.8101	0.4926	-0.7661	-0.5256	0.3700	0.5586	-0.2598	0.7877	(null)	(null)	(null)	(null)	(null)	(null)	(null)	2020-11-20	11:24:35.342	TTL1	 AP Coil	0.0000	(null)	(null)	(null)	(null)	(null)
Sample 48	Session imported from “Hotspot+Block1.txt”	48	Subj1_visit4_PSC_ReverseCoil	183.4785	129.3553	181.0199	-0.3168	0.8092	0.4948	-0.7658	-0.5260	0.3700	0.5597	-0.2617	0.7863	(null)	(null)	(null)	(null)	(null)	(null)	(null)	2020-11-20	11:24:35.844	TTL1	 AP Coil	0.0000	(null)	(null)	(null)	(null)	(null)
Sample 49	Session imported from “Hotspot+Block1.txt”	49	Subj1_visit4_PSC_ReverseCoil	183.4021	129.4432	181.1081	-0.3191	0.8096	0.4927	-0.7658	-0.5266	0.3693	0.5584	-0.2594	0.7880	(null)	(null)	(null)	(null)	(null)	(null)	(null)	2020-11-20	11:24:36.443	TTL1	 AP Coil	0.0000	(null)	(null)	(null)	(null)	(null)
Sample 50	Session imported from “Hotspot+Block1.txt”	50	Subj1_visit4_PSC_ReverseCoil	183.2228	129.2290	181.1733	-0.3185	0.8092	0.4937	-0.7646	-0.5272	0.3708	0.5603	-0.2594	0.7866	(null)	(null)	(null)	(null)	(null)	(null)	(null)	2020-11-20	11:24:37.042	TTL1	 AP Coil	0.0000	(null)	(null)	(null)	(null)	(null)
Sample 51	Session imported from “Hotspot+Block1.txt”	51	Subj1_visit4_PSC_ReverseCoil	183.4325	129.3913	181.0671	-0.3183	0.8104	0.4918	-0.7654	-0.5258	0.3711	0.5593	-0.2583	0.7877	(null)	(null)	(null)	(null)	(null)	(null)	(null)	2020-11-20	11:24:37.543	TTL1	 AP Coil	0.0000	(null)	(null)	(null)	(null)	(null)
Sample 52	Session imported from “Hotspot+Block1.txt”	52	Subj1_visit4_PSC_ReverseCoil	183.8150	129.5372	180.8296	-0.3202	0.8078	0.4948	-0.7595	-0.5311	0.3756	0.5662	-0.2555	0.7836	(null)	(null)	(null)	(null)	(null)	(null)	(null)	2020-11-20	11:24:47.736	TTL1	 AP Coil	0.0000	(null)	(null)	(null)	(null)	(null)
Sample 53	Session imported from “Hotspot+Block1.txt”	53	Subj1_visit4_PSC_ReverseCoil	183.6134	129.4423	180.9485	-0.3217	0.8068	0.4956	-0.7589	-0.5327	0.3746	0.5662	-0.2556	0.7836	(null)	(null)	(null)	(null)	(null)	(null)	(null)	2020-11-20	11:24:48.238	TTL1	 AP Coil	0.0000	(null)	(null)	(null)	(null)	(null)
Sample 54	Session imported from “Hotspot+Block1.txt”	54	Subj1_visit4_PSC_ReverseCoil	183.7261	129.3280	180.8238	-0.3211	0.8083	0.4935	-0.7593	-0.5312	0.3759	0.5660	-0.2540	0.7843	(null)	(null)	(null)	(null)	(null)	(null)	(null)	2020-11-20	11:24:48.739	TTL1	 AP Coil	0.0000	(null)	(null)	(null)	(null)	(null)
Sample 55	Session imported from “Hotspot+Block1.txt”	55	Subj1_visit4_PSC_ReverseCoil	183.5012	129.4279	181.0280	-0.3213	0.8072	0.4951	-0.7598	-0.5318	0.3740	0.5652	-0.2560	0.7842	(null)	(null)	(null)	(null)	(null)	(null)	(null)	2020-11-20	11:24:49.241	TTL1	 AP Coil	0.0000	(null)	(null)	(null)	(null)	(null)
Sample 56	Session imported from “Hotspot+Block1.txt”	56	Subj1_visit4_PSC_ReverseCoil	183.6866	129.4983	180.9129	-0.3223	0.8078	0.4936	-0.7601	-0.5316	0.3736	0.5642	-0.2548	0.7853	(null)	(null)	(null)	(null)	(null)	(null)	(null)	2020-11-20	11:24:49.742	TTL1	 AP Coil	0.0000	(null)	(null)	(null)	(null)	(null)
Sample 57	Session imported from “Hotspot+Block1.txt”	57	Subj1_visit4_PSC_ReverseCoil	183.6143	129.6484	181.0197	-0.3232	0.8069	0.4945	-0.7597	-0.5328	0.3728	0.5643	-0.2552	0.7852	(null)	(null)	(null)	(null)	(null)	(null)	(null)	2020-11-20	11:24:50.243	TTL1	 AP Coil	0.0000	(null)	(null)	(null)	(null)	(null)
Sample 58	Session imported from “Hotspot+Block1.txt”	58	Subj1_visit4_PSC_ReverseCoil	183.6423	129.4858	180.9419	-0.3212	0.8076	0.4945	-0.7594	-0.5317	0.3750	0.5658	-0.2551	0.7841	(null)	(null)	(null)	(null)	(null)	(null)	(null)	2020-11-20	11:24:50.745	TTL1	 AP Coil	0.0000	(null)	(null)	(null)	(null)	(null)
Sample 59	Session imported from “Hotspot+Block1.txt”	59	Subj1_visit4_PSC_ReverseCoil	183.5903	129.5157	180.9915	-0.3205	0.8087	0.4932	-0.7602	-0.5302	0.3755	0.5652	-0.2546	0.7847	(null)	(null)	(null)	(null)	(null)	(null)	(null)	2020-11-20	11:24:51.344	TTL1	 AP Coil	0.0000	(null)	(null)	(null)	(null)	(null)
Sample 60	Session imported from “Hotspot+Block1.txt”	60	Subj1_visit4_PSC_ReverseCoil	183.4706	129.3686	181.0304	-0.3214	0.8088	0.4925	-0.7593	-0.5309	0.3763	0.5658	-0.2530	0.7848	(null)	(null)	(null)	(null)	(null)	(null)	(null)	2020-11-20	11:25:01.634	TTL1	 AP Coil	0.0000	(null)	(null)	(null)	(null)	(null)
Sample 61	Session imported from “Hotspot+Block1.txt”	61	Subj1_visit4_PSC_ReverseCoil	183.5965	129.5752	181.0075	-0.3217	0.8090	0.4919	-0.7606	-0.5302	0.3746	0.5639	-0.2536	0.7859	(null)	(null)	(null)	(null)	(null)	(null)	(null)	2020-11-20	11:25:02.135	TTL1	 AP Coil	0.0000	(null)	(null)	(null)	(null)	(null)
Sample 62	Session imported from “Hotspot+Block1.txt”	62	Subj1_visit4_PSC_ReverseCoil	183.4934	129.5020	181.0597	-0.3230	0.8081	0.4926	-0.7599	-0.5317	0.3740	0.5641	-0.2535	0.7858	(null)	(null)	(null)	(null)	(null)	(null)	(null)	2020-11-20	11:25:02.637	TTL1	 AP Coil	0.0000	(null)	(null)	(null)	(null)	(null)
Sample 63	Session imported from “Hotspot+Block1.txt”	63	Subj1_visit4_PSC_ReverseCoil	183.4755	129.4431	181.0527	-0.3216	0.8089	0.4921	-0.7594	-0.5308	0.3763	0.5656	-0.2527	0.7850	(null)	(null)	(null)	(null)	(null)	(null)	(null)	2020-11-20	11:25:03.138	TTL1	 AP Coil	0.0000	(null)	(null)	(null)	(null)	(null)
Sample 64	Session imported from “Hotspot+Block1.txt”	64	Subj1_visit4_PSC_ReverseCoil	183.3101	129.5014	181.1977	-0.3252	0.8086	0.4904	-0.7583	-0.5328	0.3756	0.5650	-0.2497	0.7864	(null)	(null)	(null)	(null)	(null)	(null)	(null)	2020-11-20	11:25:03.639	TTL1	 AP Coil	0.0000	(null)	(null)	(null)	(null)	(null)
Sample 65	Session imported from “Hotspot+Block1.txt”	65	Subj1_visit4_PSC_ReverseCoil	183.2453	129.5337	181.2578	-0.3248	0.8095	0.4891	-0.7593	-0.5315	0.3755	0.5639	-0.2494	0.7873	(null)	(null)	(null)	(null)	(null)	(null)	(null)	2020-11-20	11:25:04.141	TTL1	 AP Coil	0.0000	(null)	(null)	(null)	(null)	(null)
Sample 66	Session imported from “Hotspot+Block1.txt”	66	Subj1_visit4_PSC_ReverseCoil	183.3672	129.5794	181.1818	-0.3255	0.8099	0.4880	-0.7602	-0.5311	0.3743	0.5623	-0.2491	0.7885	(null)	(null)	(null)	(null)	(null)	(null)	(null)	2020-11-20	11:25:04.642	TTL1	 AP Coil	0.0000	(null)	(null)	(null)	(null)	(null)
Sample 67	Session imported from “Hotspot+Block1.txt”	67	Subj1_visit4_PSC_ReverseCoil	183.4506	129.5541	181.1102	-0.3254	0.8099	0.4880	-0.7602	-0.5310	0.3743	0.5623	-0.2492	0.7885	(null)	(null)	(null)	(null)	(null)	(null)	(null)	2020-11-20	11:25:05.143	TTL1	 AP Coil	0.0000	(null)	(null)	(null)	(null)	(null)
Sample 68	Session imported from “Hotspot+Block1.txt”	68	Subj1_visit4_PSC_ReverseCoil	183.6490	129.5673	180.9653	-0.3220	0.8115	0.4876	-0.7610	-0.5282	0.3766	0.5632	-0.2498	0.7877	(null)	(null)	(null)	(null)	(null)	(null)	(null)	2020-11-20	11:25:15.544	TTL1	 AP Coil	0.0000	(null)	(null)	(null)	(null)	(null)
Sample 69	Session imported from “Hotspot+Block1.txt”	69	Subj1_visit4_PSC_ReverseCoil	183.5326	129.3939	180.9925	-0.3224	0.8104	0.4891	-0.7607	-0.5294	0.3757	0.5634	-0.2509	0.7872	(null)	(null)	(null)	(null)	(null)	(null)	(null)	2020-11-20	11:25:16.046	TTL1	 AP Coil	0.0000	(null)	(null)	(null)	(null)	(null)
Sample 70	Session imported from “Hotspot+Block1.txt”	70	Subj1_visit4_PSC_ReverseCoil	183.6396	129.5210	180.9562	-0.3231	0.8106	0.4884	-0.7617	-0.5290	0.3740	0.5616	-0.2512	0.7884	(null)	(null)	(null)	(null)	(null)	(null)	(null)	2020-11-20	11:25:16.547	TTL1	 AP Coil	0.0000	(null)	(null)	(null)	(null)	(null)
Sample 71	Session imported from “Hotspot+Block1.txt”	71	Subj1_visit4_PSC_ReverseCoil	183.6324	129.4758	180.9459	-0.3255	0.8103	0.4872	-0.7610	-0.5303	0.3736	0.5612	-0.2492	0.7893	(null)	(null)	(null)	(null)	(null)	(null)	(null)	2020-11-20	11:25:17.048	TTL1	 AP Coil	0.0000	(null)	(null)	(null)	(null)	(null)
Sample 72	Session imported from “Hotspot+Block1.txt”	72	Subj1_visit4_PSC_ReverseCoil	183.5753	129.6207	181.0394	-0.3258	0.8105	0.4868	-0.7612	-0.5303	0.3733	0.5607	-0.2489	0.7897	(null)	(null)	(null)	(null)	(null)	(null)	(null)	2020-11-20	11:25:17.646	TTL1	 AP Coil	0.0000	(null)	(null)	(null)	(null)	(null)
Sample 73	Session imported from “Hotspot+Block1.txt”	73	Subj1_visit4_PSC_ReverseCoil	183.5615	129.5327	181.0191	-0.3256	0.8118	0.4848	-0.7612	-0.5292	0.3748	0.5608	-0.2470	0.7902	(null)	(null)	(null)	(null)	(null)	(null)	(null)	2020-11-20	11:25:18.147	TTL1	 AP Coil	0.0000	(null)	(null)	(null)	(null)	(null)
Sample 74	Session imported from “Hotspot+Block1.txt”	74	Subj1_visit4_PSC_ReverseCoil	183.5704	129.2299	180.9070	-0.3232	0.8120	0.4861	-0.7617	-0.5280	0.3756	0.5616	-0.2489	0.7891	(null)	(null)	(null)	(null)	(null)	(null)	(null)	2020-11-20	11:25:18.648	TTL1	 AP Coil	0.0000	(null)	(null)	(null)	(null)	(null)
Sample 75	Session imported from “Hotspot+Block1.txt”	75	Subj1_visit4_PSC_ReverseCoil	183.7325	129.4093	180.8473	-0.3229	0.8112	0.4875	-0.7616	-0.5285	0.3750	0.5619	-0.2502	0.7885	(null)	(null)	(null)	(null)	(null)	(null)	(null)	2020-11-20	11:25:19.246	TTL1	 AP Coil	0.0000	(null)	(null)	(null)	(null)	(null)
Sample 76	Session imported from “Hotspot+Block1.txt”	76	Subj1_visit4_PSC_ReverseCoil	183.4793	129.6148	181.1097	-0.3224	0.8097	0.4903	-0.7594	-0.5305	0.3767	0.5651	-0.2509	0.7859	(null)	(null)	(null)	(null)	(null)	(null)	(null)	2020-11-20	11:25:29.440	TTL1	 AP Coil	0.0000	(null)	(null)	(null)	(null)	(null)
Sample 77	Session imported from “Hotspot+Block1.txt”	77	Subj1_visit4_PSC_ReverseCoil	183.5214	129.7206	181.1148	-0.3212	0.8104	0.4900	-0.7613	-0.5287	0.3754	0.5633	-0.2525	0.7868	(null)	(null)	(null)	(null)	(null)	(null)	(null)	2020-11-20	11:25:29.942	TTL1	 AP Coil	0.0000	(null)	(null)	(null)	(null)	(null)
Sample 78	Session imported from “Hotspot+Block1.txt”	78	Subj1_visit4_PSC_ReverseCoil	183.2778	129.3134	181.1565	-0.3210	0.8112	0.4887	-0.7604	-0.5284	0.3776	0.5646	-0.2504	0.7865	(null)	(null)	(null)	(null)	(null)	(null)	(null)	2020-11-20	11:25:30.443	TTL1	 AP Coil	0.0000	(null)	(null)	(null)	(null)	(null)
Sample 79	Session imported from “Hotspot+Block1.txt”	79	Subj1_visit4_PSC_ReverseCoil	183.3586	129.4872	181.1562	-0.3212	0.8118	0.4877	-0.7608	-0.5278	0.3775	0.5639	-0.2498	0.7872	(null)	(null)	(null)	(null)	(null)	(null)	(null)	2020-11-20	11:25:30.944	TTL1	 AP Coil	0.0000	(null)	(null)	(null)	(null)	(null)
Sample 80	Session imported from “Hotspot+Block1.txt”	80	Subj1_visit4_PSC_ReverseCoil	183.4058	129.3560	181.0749	-0.3215	0.8123	0.4866	-0.7614	-0.5273	0.3772	0.5630	-0.2492	0.7880	(null)	(null)	(null)	(null)	(null)	(null)	(null)	2020-11-20	11:25:31.446	TTL1	 AP Coil	0.0000	(null)	(null)	(null)	(null)	(null)
Sample 81	Session imported from “Hotspot+Block1.txt”	81	Subj1_visit4_PSC_ReverseCoil	183.4773	129.1763	180.9584	-0.3214	0.8121	0.4871	-0.7609	-0.5276	0.3776	0.5636	-0.2493	0.7875	(null)	(null)	(null)	(null)	(null)	(null)	(null)	2020-11-20	11:25:31.947	TTL1	 AP Coil	0.0000	(null)	(null)	(null)	(null)	(null)
Sample 82	Session imported from “Hotspot+Block1.txt”	82	Subj1_visit4_PSC_ReverseCoil	183.3067	129.2793	181.1229	-0.3230	0.8105	0.4886	-0.7602	-0.5297	0.3761	0.5637	-0.2500	0.7873	(null)	(null)	(null)	(null)	(null)	(null)	(null)	2020-11-20	11:25:32.449	TTL1	 AP Coil	0.0000	(null)	(null)	(null)	(null)	(null)
Sample 83	Session imported from “Hotspot+Block1.txt”	83	Subj1_visit4_PSC_ReverseCoil	183.5128	129.3775	181.0018	-0.3223	0.8103	0.4894	-0.7608	-0.5294	0.3755	0.5633	-0.2513	0.7871	(null)	(null)	(null)	(null)	(null)	(null)	(null)	2020-11-20	11:25:32.950	TTL1	 AP Coil	0.0000	(null)	(null)	(null)	(null)	(null)
Sample 84	Session imported from “Hotspot+Block1.txt”	84	Subj1_visit4_PSC_ReverseCoil	183.6745	129.4651	180.9104	-0.3217	0.8091	0.4918	-0.7628	-0.5292	0.3717	0.5610	-0.2556	0.7874	(null)	(null)	(null)	(null)	(null)	(null)	(null)	2020-11-20	11:25:43.352	TTL1	 AP Coil	0.0000	(null)	(null)	(null)	(null)	(null)
Sample 85	Session imported from “Hotspot+Block1.txt”	85	Subj1_visit4_PSC_ReverseCoil	183.8054	129.4873	180.8195	-0.3225	0.8090	0.4914	-0.7632	-0.5293	0.3706	0.5599	-0.2555	0.7882	(null)	(null)	(null)	(null)	(null)	(null)	(null)	2020-11-20	11:25:43.950	TTL1	 AP Coil	0.0000	(null)	(null)	(null)	(null)	(null)
Sample 86	Session imported from “Hotspot+Block1.txt”	86	Subj1_visit4_PSC_ReverseCoil	183.7614	129.4563	180.8419	-0.3230	0.8093	0.4906	-0.7625	-0.5296	0.3716	0.5605	-0.2541	0.7882	(null)	(null)	(null)	(null)	(null)	(null)	(null)	2020-11-20	11:25:44.452	TTL1	 AP Coil	0.0000	(null)	(null)	(null)	(null)	(null)
Sample 87	Session imported from “Hotspot+Block1.txt”	87	Subj1_visit4_PSC_ReverseCoil	183.5096	129.4264	181.0212	-0.3221	0.8097	0.4906	-0.7629	-0.5288	0.3719	0.5606	-0.2545	0.7880	(null)	(null)	(null)	(null)	(null)	(null)	(null)	2020-11-20	11:25:45.050	TTL1	 AP Coil	0.0000	(null)	(null)	(null)	(null)	(null)
Sample 88	Session imported from “Hotspot+Block1.txt”	88	Subj1_visit4_PSC_ReverseCoil	183.3752	129.6306	181.1936	-0.3204	0.8106	0.4902	-0.7632	-0.5274	0.3734	0.5612	-0.2545	0.7876	(null)	(null)	(null)	(null)	(null)	(null)	(null)	2020-11-20	11:25:45.650	TTL1	 AP Coil	0.0000	(null)	(null)	(null)	(null)	(null)
Sample 89	Session imported from “Hotspot+Block1.txt”	89	Subj1_visit4_PSC_ReverseCoil	183.4054	129.5166	181.1311	-0.3196	0.8097	0.4922	-0.7631	-0.5279	0.3728	0.5617	-0.2565	0.7866	(null)	(null)	(null)	(null)	(null)	(null)	(null)	2020-11-20	11:25:46.151	TTL1	 AP Coil	0.0000	(null)	(null)	(null)	(null)	(null)
Sample 90	Session imported from “Hotspot+Block1.txt”	90	Subj1_visit4_PSC_ReverseCoil	183.6031	129.6379	181.0245	-0.3201	0.8096	0.4920	-0.7638	-0.5278	0.3715	0.5605	-0.2569	0.7873	(null)	(null)	(null)	(null)	(null)	(null)	(null)	2020-11-20	11:25:46.652	TTL1	 AP Coil	0.0000	(null)	(null)	(null)	(null)	(null)
Sample 91	Session imported from “Hotspot+Block1.txt”	91	Subj1_visit4_PSC_ReverseCoil	183.5154	129.5288	181.0525	-0.3214	0.8101	0.4904	-0.7629	-0.5283	0.3727	0.5610	-0.2543	0.7878	(null)	(null)	(null)	(null)	(null)	(null)	(null)	2020-11-20	11:25:47.251	TTL1	 AP Coil	0.0000	(null)	(null)	(null)	(null)	(null)
Sample 92	Session imported from “Hotspot+Block1.txt”	92	Subj1_visit4_PSC_ReverseCoil	183.8316	129.2629	180.7216	-0.3167	0.8057	0.5006	-0.7618	-0.5305	0.3718	0.5651	-0.2636	0.7818	(null)	(null)	(null)	(null)	(null)	(null)	(null)	2020-11-20	11:25:57.249	TTL1	 AP Coil	0.0000	(null)	(null)	(null)	(null)	(null)
Sample 93	Session imported from “Hotspot+Block1.txt”	93	Subj1_visit4_PSC_ReverseCoil	183.4946	129.1365	180.9315	-0.3169	0.8059	0.5002	-0.7617	-0.5305	0.3721	0.5652	-0.2631	0.7819	(null)	(null)	(null)	(null)	(null)	(null)	(null)	2020-11-20	11:25:57.750	TTL1	 AP Coil	0.0000	(null)	(null)	(null)	(null)	(null)
Sample 94	Session imported from “Hotspot+Block1.txt”	94	Subj1_visit4_PSC_ReverseCoil	183.3950	129.0050	180.9607	-0.3148	0.8068	0.4999	-0.7621	-0.5288	0.3735	0.5657	-0.2634	0.7814	(null)	(null)	(null)	(null)	(null)	(null)	(null)	2020-11-20	11:25:58.252	TTL1	 AP Coil	0.0000	(null)	(null)	(null)	(null)	(null)
Sample 95	Session imported from “Hotspot+Block1.txt”	95	Subj1_visit4_PSC_ReverseCoil	183.0570	129.0387	181.2484	-0.3183	0.8061	0.4989	-0.7606	-0.5313	0.3731	0.5658	-0.2607	0.7822	(null)	(null)	(null)	(null)	(null)	(null)	(null)	2020-11-20	11:25:58.852	TTL1	 AP Coil	0.0000	(null)	(null)	(null)	(null)	(null)
Sample 96	Session imported from “Hotspot+Block1.txt”	96	Subj1_visit4_PSC_ReverseCoil	183.2959	129.2331	181.1149	-0.3176	0.8056	0.5001	-0.7616	-0.5309	0.3716	0.5649	-0.2629	0.7822	(null)	(null)	(null)	(null)	(null)	(null)	(null)	2020-11-20	11:25:59.353	TTL1	 AP Coil	0.0000	(null)	(null)	(null)	(null)	(null)
Sample 97	Session imported from “Hotspot+Block1.txt”	97	Subj1_visit4_PSC_ReverseCoil	183.5289	129.5221	181.0400	-0.3187	0.8066	0.4978	-0.7616	-0.5305	0.3720	0.5642	-0.2606	0.7834	(null)	(null)	(null)	(null)	(null)	(null)	(null)	2020-11-20	11:25:59.952	TTL1	 AP Coil	0.0000	(null)	(null)	(null)	(null)	(null)
Sample 98	Session imported from “Hotspot+Block1.txt”	98	Subj1_visit4_PSC_ReverseCoil	183.6184	129.2679	180.8840	-0.3174	0.8059	0.4998	-0.7612	-0.5308	0.3726	0.5656	-0.2622	0.7819	(null)	(null)	(null)	(null)	(null)	(null)	(null)	2020-11-20	11:26:00.453	TTL1	 AP Coil	0.0000	(null)	(null)	(null)	(null)	(null)
Sample 99	Session imported from “Hotspot+Block1.txt”	99	Subj1_visit4_PSC_ReverseCoil	183.7160	129.2733	180.8123	-0.3167	0.8052	0.5013	-0.7617	-0.5309	0.3715	0.5653	-0.2642	0.7815	(null)	(null)	(null)	(null)	(null)	(null)	(null)	2020-11-20	11:26:01.052	TTL1	 AP Coil	0.0000	(null)	(null)	(null)	(null)	(null)
Sample 100	Session imported from “Hotspot+Block1.txt”	100	Subj1_visit4_PSC_ReverseCoil	183.1765	129.5105	181.3016	-0.3133	0.8075	0.4998	-0.7616	-0.5280	0.3757	0.5673	-0.2629	0.7804	(null)	(null)	(null)	(null)	(null)	(null)	(null)	2020-11-20	11:26:11.147	TTL1	 AP Coil	0.0000	(null)	(null)	(null)	(null)	(null)
Sample 101	Session imported from “Hotspot+Block1.txt”	101	Subj1_visit4_PSC_ReverseCoil	183.3545	129.3530	181.1125	-0.3118	0.8078	0.5003	-0.7627	-0.5268	0.3752	0.5666	-0.2646	0.7803	(null)	(null)	(null)	(null)	(null)	(null)	(null)	2020-11-20	11:26:11.648	TTL1	 AP Coil	0.0000	(null)	(null)	(null)	(null)	(null)
Sample 102	Session imported from “Hotspot+Block1.txt”	102	Subj1_visit4_PSC_ReverseCoil	183.2519	129.3862	181.2014	-0.3126	0.8064	0.5019	-0.7625	-0.5282	0.3737	0.5665	-0.2659	0.7800	(null)	(null)	(null)	(null)	(null)	(null)	(null)	2020-11-20	11:26:12.149	TTL1	 AP Coil	0.0000	(null)	(null)	(null)	(null)	(null)
Sample 103	Session imported from “Hotspot+Block1.txt”	103	Subj1_visit4_PSC_ReverseCoil	183.5887	129.5511	181.0051	-0.3128	0.8074	0.5002	-0.7637	-0.5269	0.3730	0.5647	-0.2653	0.7815	(null)	(null)	(null)	(null)	(null)	(null)	(null)	2020-11-20	11:26:12.651	TTL1	 AP Coil	0.0000	(null)	(null)	(null)	(null)	(null)
Sample 104	Session imported from “Hotspot+Block1.txt”	104	Subj1_visit4_PSC_ReverseCoil	183.5188	129.7915	181.1402	-0.3150	0.8085	0.4971	-0.7633	-0.5271	0.3736	0.5641	-0.2617	0.7831	(null)	(null)	(null)	(null)	(null)	(null)	(null)	2020-11-20	11:26:13.152	TTL1	 AP Coil	0.0000	(null)	(null)	(null)	(null)	(null)
Sample 105	Session imported from “Hotspot+Block1.txt”	105	Subj1_visit4_PSC_ReverseCoil	183.5650	129.5417	181.0196	-0.3134	0.8071	0.5003	-0.7629	-0.5277	0.3735	0.5655	-0.2646	0.7812	(null)	(null)	(null)	(null)	(null)	(null)	(null)	2020-11-20	11:26:13.654	TTL1	 AP Coil	0.0000	(null)	(null)	(null)	(null)	(null)
Sample 106	Session imported from “Hotspot+Block1.txt”	106	Subj1_visit4_PSC_ReverseCoil	183.5272	129.6066	181.0708	-0.3130	0.8070	0.5008	-0.7627	-0.5278	0.3739	0.5660	-0.2649	0.7807	(null)	(null)	(null)	(null)	(null)	(null)	(null)	2020-11-20	11:26:14.155	TTL1	 AP Coil	0.0000	(null)	(null)	(null)	(null)	(null)
Sample 107	Session imported from “Hotspot+Block1.txt”	107	Subj1_visit4_PSC_ReverseCoil	183.3573	129.2133	181.0617	-0.3114	0.8074	0.5012	-0.7624	-0.5271	0.3754	0.5673	-0.2652	0.7797	(null)	(null)	(null)	(null)	(null)	(null)	(null)	2020-11-20	11:26:14.753	TTL1	 AP Coil	0.0000	(null)	(null)	(null)	(null)	(null)
Sample 108	Session imported from “Hotspot+Block1.txt”	108	Subj1_visit4_PSC_ReverseCoil	183.4162	129.4673	181.1059	-0.3137	0.8064	0.5014	-0.7609	-0.5293	0.3753	0.5680	-0.2638	0.7796	(null)	(null)	(null)	(null)	(null)	(null)	(null)	2020-11-20	11:26:25.055	TTL1	 AP Coil	0.0000	(null)	(null)	(null)	(null)	(null)
Sample 109	Session imported from “Hotspot+Block1.txt”	109	Subj1_visit4_PSC_ReverseCoil	183.4218	129.6312	181.1587	-0.3139	0.8062	0.5016	-0.7616	-0.5292	0.3740	0.5669	-0.2646	0.7801	(null)	(null)	(null)	(null)	(null)	(null)	(null)	2020-11-20	11:26:25.654	TTL1	 AP Coil	0.0000	(null)	(null)	(null)	(null)	(null)
Sample 110	Session imported from “Hotspot+Block1.txt”	110	Subj1_visit4_PSC_ReverseCoil	183.5982	129.7428	181.0646	-0.3141	0.8067	0.5006	-0.7627	-0.5284	0.3730	0.5654	-0.2646	0.7812	(null)	(null)	(null)	(null)	(null)	(null)	(null)	2020-11-20	11:26:26.155	TTL1	 AP Coil	0.0000	(null)	(null)	(null)	(null)	(null)
Sample 111	Session imported from “Hotspot+Block1.txt”	111	Subj1_visit4_PSC_ReverseCoil	183.6248	129.7449	181.0453	-0.3151	0.8057	0.5016	-0.7618	-0.5299	0.3726	0.5660	-0.2647	0.7808	(null)	(null)	(null)	(null)	(null)	(null)	(null)	2020-11-20	11:26:26.754	TTL1	 AP Coil	0.0000	(null)	(null)	(null)	(null)	(null)
Sample 112	Session imported from “Hotspot+Block1.txt”	112	Subj1_visit4_PSC_ReverseCoil	183.6131	129.8766	181.0955	-0.3161	0.8056	0.5010	-0.7618	-0.5303	0.3721	0.5655	-0.2641	0.7814	(null)	(null)	(null)	(null)	(null)	(null)	(null)	2020-11-20	11:26:27.256	TTL1	 AP Coil	0.0000	(null)	(null)	(null)	(null)	(null)
Sample 113	Session imported from “Hotspot+Block1.txt”	113	Subj1_visit4_PSC_ReverseCoil	183.5468	129.7738	181.1142	-0.3161	0.8064	0.4998	-0.7623	-0.5295	0.3723	0.5648	-0.2633	0.7821	(null)	(null)	(null)	(null)	(null)	(null)	(null)	2020-11-20	11:26:27.855	TTL1	 AP Coil	0.0000	(null)	(null)	(null)	(null)	(null)
Sample 114	Session imported from “Hotspot+Block1.txt”	114	Subj1_visit4_PSC_ReverseCoil	183.5004	129.7267	181.1328	-0.3152	0.8074	0.4987	-0.7622	-0.5285	0.3739	0.5654	-0.2623	0.7820	(null)	(null)	(null)	(null)	(null)	(null)	(null)	2020-11-20	11:26:28.356	TTL1	 AP Coil	0.0000	(null)	(null)	(null)	(null)	(null)
Sample 115	Session imported from “Hotspot+Block1.txt”	115	Subj1_visit4_PSC_ReverseCoil	183.3918	129.2984	181.0654	-0.3150	0.8075	0.4988	-0.7615	-0.5287	0.3750	0.5665	-0.2617	0.7814	(null)	(null)	(null)	(null)	(null)	(null)	(null)	2020-11-20	11:26:28.955	TTL1	 AP Coil	0.0000	(null)	(null)	(null)	(null)	(null)
Sample 116	Session imported from “Hotspot+Block1.txt”	116	Subj1_visit4_PSC_ReverseCoil	183.5385	129.3553	180.9746	-0.3141	0.8081	0.4983	-0.7621	-0.5276	0.3753	0.5662	-0.2619	0.7816	(null)	(null)	(null)	(null)	(null)	(null)	(null)	2020-11-20	11:26:38.953	TTL1	 AP Coil	0.0000	(null)	(null)	(null)	(null)	(null)
Sample 117	Session imported from “Hotspot+Block1.txt”	117	Subj1_visit4_PSC_ReverseCoil	183.5754	129.4676	180.9860	-0.3142	0.8078	0.4987	-0.7623	-0.5278	0.3746	0.5658	-0.2625	0.7816	(null)	(null)	(null)	(null)	(null)	(null)	(null)	2020-11-20	11:26:39.454	TTL1	 AP Coil	0.0000	(null)	(null)	(null)	(null)	(null)
Sample 118	Session imported from “Hotspot+Block1.txt”	118	Subj1_visit4_PSC_ReverseCoil	183.6842	129.2503	180.8282	-0.3120	0.8090	0.4982	-0.7638	-0.5254	0.3749	0.5650	-0.2636	0.7818	(null)	(null)	(null)	(null)	(null)	(null)	(null)	2020-11-20	11:26:39.956	TTL1	 AP Coil	0.0000	(null)	(null)	(null)	(null)	(null)
Sample 119	Session imported from “Hotspot+Block1.txt”	119	Subj1_visit4_PSC_ReverseCoil	183.5186	129.2101	180.9391	-0.3120	0.8086	0.4989	-0.7636	-0.5259	0.3748	0.5654	-0.2640	0.7814	(null)	(null)	(null)	(null)	(null)	(null)	(null)	2020-11-20	11:26:40.457	TTL1	 AP Coil	0.0000	(null)	(null)	(null)	(null)	(null)
Sample 120	Session imported from “Hotspot+Block1.txt”	120	Subj1_visit4_PSC_ReverseCoil	183.4224	128.8720	180.8947	-0.3119	0.8093	0.4978	-0.7626	-0.5257	0.3768	0.5667	-0.2621	0.7812	(null)	(null)	(null)	(null)	(null)	(null)	(null)	2020-11-20	11:26:41.056	TTL1	 AP Coil	0.0000	(null)	(null)	(null)	(null)	(null)
Sample 121	Session imported from “Hotspot+Block1.txt”	121	Subj1_visit4_PSC_ReverseCoil	183.1986	129.2857	181.2114	-0.3128	0.8082	0.4989	-0.7621	-0.5271	0.3760	0.5669	-0.2626	0.7808	(null)	(null)	(null)	(null)	(null)	(null)	(null)	2020-11-20	11:26:41.557	TTL1	 AP Coil	0.0000	(null)	(null)	(null)	(null)	(null)
Sample 122	Session imported from “Hotspot+Block1.txt”	122	Subj1_visit4_PSC_ReverseCoil	183.3155	129.2674	181.1121	-0.3109	0.8102	0.4969	-0.7633	-0.5244	0.3774	0.5663	-0.2619	0.7814	(null)	(null)	(null)	(null)	(null)	(null)	(null)	2020-11-20	11:26:42.156	TTL1	 AP Coil	0.0000	(null)	(null)	(null)	(null)	(null)
Sample 123	Session imported from “Hotspot+Block1.txt”	123	Subj1_visit4_PSC_ReverseCoil	183.2688	129.2933	181.1563	-0.3130	0.8087	0.4980	-0.7621	-0.5268	0.3764	0.5668	-0.2617	0.7812	(null)	(null)	(null)	(null)	(null)	(null)	(null)	2020-11-20	11:26:42.658	TTL1	 AP Coil	0.0000	(null)	(null)	(null)	(null)	(null)
Sample 124	Session imported from “Hotspot+Block1.txt”	124	Subj1_visit4_PSC_ReverseCoil	183.6112	129.5872	181.0007	-0.3034	0.8147	0.4941	-0.7665	-0.5167	0.3813	0.5660	-0.2631	0.7813	(null)	(null)	(null)	(null)	(null)	(null)	(null)	2020-11-20	11:26:52.851	TTL1	 AP Coil	0.0000	(null)	(null)	(null)	(null)	(null)
Sample 125	Session imported from “Hotspot+Block1.txt”	125	Subj1_visit4_PSC_ReverseCoil	183.4574	129.4251	181.0601	-0.3040	0.8140	0.4950	-0.7653	-0.5181	0.3819	0.5673	-0.2627	0.7805	(null)	(null)	(null)	(null)	(null)	(null)	(null)	2020-11-20	11:26:53.353	TTL1	 AP Coil	0.0000	(null)	(null)	(null)	(null)	(null)
Sample 126	Session imported from “Hotspot+Block1.txt”	126	Subj1_visit4_PSC_ReverseCoil	183.4202	129.6217	181.1566	-0.3051	0.8133	0.4954	-0.7652	-0.5190	0.3808	0.5669	-0.2629	0.7807	(null)	(null)	(null)	(null)	(null)	(null)	(null)	2020-11-20	11:26:53.854	TTL1	 AP Coil	0.0000	(null)	(null)	(null)	(null)	(null)
Sample 127	Session imported from “Hotspot+Block1.txt”	127	Subj1_visit4_PSC_ReverseCoil	183.6210	129.4860	180.9580	-0.3038	0.8139	0.4953	-0.7659	-0.5178	0.3812	0.5667	-0.2635	0.7806	(null)	(null)	(null)	(null)	(null)	(null)	(null)	2020-11-20	11:26:54.355	TTL1	 AP Coil	0.0000	(null)	(null)	(null)	(null)	(null)
Sample 128	Session imported from “Hotspot+Block1.txt”	128	Subj1_visit4_PSC_ReverseCoil	183.2981	129.4877	181.2020	-0.3055	0.8136	0.4947	-0.7645	-0.5193	0.3819	0.5676	-0.2615	0.7806	(null)	(null)	(null)	(null)	(null)	(null)	(null)	2020-11-20	11:26:54.856	TTL1	 AP Coil	0.0000	(null)	(null)	(null)	(null)	(null)
Sample 129	Session imported from “Hotspot+Block1.txt”	129	Subj1_visit4_PSC_ReverseCoil	183.4269	129.2808	181.0328	-0.3040	0.8135	0.4958	-0.7648	-0.5187	0.3821	0.5680	-0.2631	0.7799	(null)	(null)	(null)	(null)	(null)	(null)	(null)	2020-11-20	11:26:55.358	TTL1	 AP Coil	0.0000	(null)	(null)	(null)	(null)	(null)
