# Version: 12
# Coordinate system: Brainsight
# Created by: Brainsight 2.5b3
# X=right->left, Y=anterior->posterior, Z=inferior->superior
# Units: millimetres, degrees, milliseconds, and microvolts
# Encoding: UTF-8
# Notes: Each column is delimited by a tab. Each value within a column is delimited by a semicolon.
# Sample Name	Session Name	Index	Assoc. Target	Loc. X	Loc. Y	Loc. Z	m0n0	m0n1	m0n2	m1n0	m1n1	m1n2	m2n0	m2n1	m2n2	Dist. to Target	Target Error	Angular Error	Twist Error	Stim. Power A	Stim. Pulse Interval	Stim. Power B	Date	Time	Creation Cause	Crosshairs Driver	Offset	Comment	EMG Channels	EMG Window Start	EMG Window End	EMG Peak-to-peak 1
Sample 1	Session imported from “Hotspot+Block1.txt”	1	PSC	128.0000	128.0000	199.4639	1.0000	0.0000	0.0000	0.0000	1.0000	0.0000	0.0000	0.0000	1.0000	(null)	(null)	(null)	(null)	(null)	(null)	(null)	2020-10-23	10:02:47.005	TTL1	AP Coil	0.0000	(null)	1	10.0000	90.0000	5.7104
Sample 2	Session imported from “Hotspot+Block1.txt”	2	Sample 1	160.7903	93.3690	180.5423	-0.5894	0.6571	0.4699	-0.6972	-0.7076	0.1149	0.4080	-0.2599	0.8752	(null)	(null)	(null)	(null)	(null)	(null)	(null)	2020-10-23	10:05:19.068	TTL1	AP Coil	0.0000	(null)	1	10.0000	90.0000	5.7104
Sample 3	Session imported from “Hotspot+Block1.txt”	3	Sample 1	165.3356	102.1827	181.3152	-0.5594	0.6673	0.4916	-0.6896	-0.7038	0.1707	0.4599	-0.2435	0.8539	(null)	(null)	(null)	(null)	(null)	(null)	(null)	2020-10-23	10:05:33.019	TTL1	AP Coil	0.0000	(null)	1	10.0000	90.0000	5.7104
Sample 4	Session imported from “Hotspot+Block1.txt”	4	Sample 3	(null)	(null)	(null)	(null)	(null)	(null)	(null)	(null)	(null)	(null)	(null)	(null)	(null)	(null)	(null)	(null)	(null)	(null)	(null)	2020-10-23	10:05:43.549	TTL1	AP Coil	0.0000	(null)	1	10.0000	90.0000	5.7104
Sample 5	Session imported from “Hotspot+Block1.txt”	5	Sample 3	158.3259	112.3937	188.0041	-0.5370	0.7159	0.4462	-0.7249	-0.6621	0.1899	0.4314	-0.2215	0.8746	(null)	(null)	(null)	(null)	(null)	(null)	(null)	2020-10-23	10:05:59.642	TTL1	AP Coil	0.0000	(null)	1	10.0000	90.0000	7.9945
Sample 6	Session imported from “Hotspot+Block1.txt”	6	Sample 3	176.0967	112.0621	176.3868	-0.4941	0.7128	0.4978	-0.7012	-0.6652	0.2565	0.5140	-0.2223	0.8285	(null)	(null)	(null)	(null)	(null)	(null)	(null)	2020-10-23	10:06:09.060	TTL1	AP Coil	0.0000	(null)	1	10.0000	90.0000	29.6940
Sample 7	Session imported from “Hotspot+Block1.txt”	7	Sample 6	168.3155	104.4255	179.7819	-0.3990	0.7118	0.5781	-0.7563	-0.6119	0.2314	0.5184	-0.3449	0.7825	(null)	(null)	(null)	(null)	(null)	(null)	(null)	2020-10-23	10:06:31.638	TTL1	AP Coil	0.0000	(null)	1	10.0000	90.0000	5.7104
Sample 8	Session imported from “Hotspot+Block1.txt”	8	Sample 6	182.2218	102.5363	166.3920	-0.3951	0.6784	0.6194	-0.7289	-0.6419	0.2380	0.5591	-0.3575	0.7481	(null)	(null)	(null)	(null)	(null)	(null)	(null)	2020-10-23	10:06:38.703	TTL1	AP Coil	0.0000	(null)	1	10.0000	90.0000	6.8525
Sample 9	Session imported from “Hotspot+Block1.txt”	9	Sample 6	186.5788	112.9883	165.1999	-0.4049	0.6894	0.6007	-0.6897	-0.6615	0.2943	0.6003	-0.2951	0.7433	(null)	(null)	(null)	(null)	(null)	(null)	(null)	2020-10-23	10:06:48.179	TTL1	AP Coil	0.0000	(null)	1	10.0000	90.0000	5.7104
Sample 10	Session imported from “Hotspot+Block1.txt”	10	Sample 6	185.1346	121.1692	170.4416	-0.4093	0.7044	0.5799	-0.6935	-0.6532	0.3039	0.5929	-0.2778	0.7559	(null)	(null)	(null)	(null)	(null)	(null)	(null)	2020-10-23	10:06:58.710	TTL1	AP Coil	0.0000	(null)	1	10.0000	90.0000	14.8470
Sample 11	Session imported from “Hotspot+Block1.txt”	11	Sample 6	178.9698	125.8902	177.9118	-0.4126	0.7101	0.5706	-0.7012	-0.6474	0.2986	0.5814	-0.2769	0.7650	(null)	(null)	(null)	(null)	(null)	(null)	(null)	2020-10-23	10:07:06.836	TTL1	AP Coil	0.0000	(null)	1	10.0000	90.0000	20.5574
Sample 12	Session imported from “Hotspot+Block1.txt”	12	Sample 11	188.1626	135.0634	172.6761	-0.4339	0.7244	0.5358	-0.6721	-0.6562	0.3430	0.6000	-0.2113	0.7716	(null)	(null)	(null)	(null)	(null)	(null)	(null)	2020-10-23	10:07:35.288	TTL1	AP Coil	0.0000	(null)	1	10.0000	90.0000	31.9782
Sample 13	Session imported from “Hotspot+Block1.txt”	13	Sample 11	191.4632	125.6219	165.0788	-0.4222	0.7071	0.5673	-0.6686	-0.6655	0.3318	0.6121	-0.2392	0.7537	(null)	(null)	(null)	(null)	(null)	(null)	(null)	2020-10-23	10:07:40.992	TTL1	AP Coil	0.0000	(null)	1	10.0000	90.0000	10.2787
Sample 14	Session imported from “Hotspot+Block1.txt”	14	Sample 11	186.5965	114.1998	165.7227	-0.4069	0.6882	0.6007	-0.6708	-0.6715	0.3149	0.6201	-0.2748	0.7349	(null)	(null)	(null)	(null)	(null)	(null)	(null)	2020-10-23	10:07:46.850	TTL1	AP Coil	0.0000	(null)	1	10.0000	90.0000	18.2732
Sample 15	Session imported from “Hotspot+Block1.txt”	15	Sample 11	177.7643	110.7312	174.3160	-0.3917	0.6831	0.6164	-0.7101	-0.6504	0.2696	0.5851	-0.3321	0.7399	(null)	(null)	(null)	(null)	(null)	(null)	(null)	2020-10-23	10:07:54.986	TTL1	AP Coil	0.0000	(null)	1	10.0000	90.0000	6.8525
Sample 16	Session imported from “Hotspot+Block1.txt”	16	Sample 11	169.9694	114.9444	181.8760	-0.4057	0.6830	0.6074	-0.7079	-0.6552	0.2639	0.5782	-0.3229	0.7493	(null)	(null)	(null)	(null)	(null)	(null)	(null)	2020-10-23	10:08:01.984	TTL1	AP Coil	0.0000	(null)	1	10.0000	90.0000	7.9945
Sample 17	Session imported from “Hotspot+Block1.txt”	17	Sample 11	166.2204	127.9830	187.5648	-0.3949	0.7541	0.5248	-0.7599	-0.5891	0.2747	0.5163	-0.2903	0.8057	(null)	(null)	(null)	(null)	(null)	(null)	(null)	2020-10-23	10:08:24.665	TTL1	AP Coil	0.0000	(null)	1	10.0000	90.0000	22.8416
Sample 18	Session imported from “Hotspot+Block1.txt”	18	Sample 11	171.8337	137.0250	186.4146	-0.4233	0.7335	0.5318	-0.7409	-0.6181	0.2628	0.5215	-0.2828	0.8051	(null)	(null)	(null)	(null)	(null)	(null)	(null)	2020-10-23	10:08:30.217	TTL1	AP Coil	0.0000	(null)	1	10.0000	90.0000	6.8525
Sample 19	Session imported from “Hotspot+Block1.txt”	19	Sample 18	178.1626	141.9142	183.4180	-0.4167	0.7690	0.4848	-0.7388	-0.5972	0.3122	0.5296	-0.2281	0.8170	(null)	(null)	(null)	(null)	(null)	(null)	(null)	2020-10-23	10:08:54.528	TTL1	AP Coil	0.0000	(null)	1	10.0000	90.0000	42.2569
Sample 20	Session imported from “Hotspot+Block1.txt”	20	Sample 18	176.9287	128.3736	180.4405	-0.4197	0.7418	0.5230	-0.7237	-0.6213	0.3005	0.5479	-0.2524	0.7976	(null)	(null)	(null)	(null)	(null)	(null)	(null)	2020-10-23	10:08:59.356	TTL1	AP Coil	0.0000	(null)	1	10.0000	90.0000	26.2678
Sample 21	Session imported from “Hotspot+Block1.txt”	21	Sample 18	169.5901	124.6728	184.7569	-0.4116	0.7460	0.5235	-0.7435	-0.6071	0.2805	0.5271	-0.2738	0.8045	(null)	(null)	(null)	(null)	(null)	(null)	(null)	2020-10-23	10:09:05.784	TTL1	AP Coil	0.0000	(null)	1	10.0000	90.0000	25.1257
Sample 22	Session imported from “Hotspot+Block1.txt”	22	Sample 18	172.8979	136.0652	185.5748	-0.3991	0.7573	0.5169	-0.7364	-0.6006	0.3113	0.5462	-0.2564	0.7974	(null)	(null)	(null)	(null)	(null)	(null)	(null)	2020-10-23	10:09:28.463	TTL1	AP Coil	0.0000	(null)	1	10.0000	90.0000	17.1312
Sample 23	Session imported from “Hotspot+Block1.txt”	23	Sample 18	180.7181	142.5529	181.6351	-0.3985	0.7486	0.5299	-0.7411	-0.6032	0.2949	0.5404	-0.2752	0.7951	(null)	(null)	(null)	(null)	(null)	(null)	(null)	2020-10-23	10:09:34.365	TTL1	AP Coil	0.0000	(null)	1	10.0000	90.0000	41.1148
Sample 24	Session imported from “Hotspot+Block1.txt”	24	Sample 18	178.7119	126.5387	178.3486	-0.4022	0.7227	0.5620	-0.7327	-0.6222	0.2757	0.5490	-0.3009	0.7798	(null)	(null)	(null)	(null)	(null)	(null)	(null)	2020-10-23	10:09:38.762	TTL1	AP Coil	0.0000	(null)	1	10.0000	90.0000	22.8416
Sample 25	Session imported from “Hotspot+Block1.txt”	25	Sample 18	172.5195	136.9598	185.9823	-0.4348	0.7404	0.5126	-0.6967	-0.6372	0.3294	0.5705	-0.2139	0.7929	(null)	(null)	(null)	(null)	(null)	(null)	(null)	2020-10-23	10:10:46.928	TTL1	AP Coil	0.0000	(null)	1	10.0000	90.0000	77.6613
Sample 26	Session imported from “Hotspot+Block1.txt”	26	Sample 18	180.7439	144.7436	181.7807	-0.4187	0.7525	0.5084	-0.6892	-0.6278	0.3617	0.5914	-0.1989	0.7815	(null)	(null)	(null)	(null)	(null)	(null)	(null)	2020-10-23	10:10:53.121	TTL1	AP Coil	0.0000	(null)	1	10.0000	90.0000	35.4044
Sample 27	Session imported from “Hotspot+Block1.txt”	27	Sample 18	178.7025	127.0150	178.5142	-0.4270	0.7263	0.5387	-0.6831	-0.6494	0.3341	0.5925	-0.2253	0.7734	(null)	(null)	(null)	(null)	(null)	(null)	(null)	2020-10-23	10:10:58.353	TTL1	AP Coil	0.0000	(null)	1	10.0000	90.0000	138.1914
Sample 28	Session imported from “Hotspot+Block1.txt”	28	Sample 27	179.1459	126.4676	177.9548	-0.3465	0.8022	0.4863	-0.7357	-0.5540	0.3897	0.5820	-0.2227	0.7821	(null)	(null)	(null)	(null)	(null)	(null)	(null)	2020-10-23	10:11:21.797	TTL1	AP Coil	0.0000	(null)	1	10.0000	90.0000	292.3719
Sample 29	Session imported from “Hotspot+Block1.txt”	29	Sample 27	188.8495	134.7359	171.7303	-0.3513	0.7944	0.4954	-0.7079	-0.5717	0.4147	0.6127	-0.2050	0.7633	(null)	(null)	(null)	(null)	(null)	(null)	(null)	2020-10-23	10:11:27.780	TTL1	AP Coil	0.0000	(null)	1	10.0000	90.0000	47.9673
Sample 30	Session imported from “Hotspot+Block1.txt”	30	Sample 27	184.1609	115.2364	168.9815	-0.3581	0.7539	0.5508	-0.6942	-0.6095	0.3829	0.6244	-0.2452	0.7416	(null)	(null)	(null)	(null)	(null)	(null)	(null)	2020-10-23	10:11:34.545	TTL1	AP Coil	0.0000	(null)	1	10.0000	90.0000	12.5629
Sample 31	Session imported from “Hotspot+Block1.txt”	31	Sample 27	166.9627	117.3669	184.6273	-0.3422	0.8038	0.4867	-0.7267	-0.5547	0.4051	0.5956	-0.2151	0.7739	(null)	(null)	(null)	(null)	(null)	(null)	(null)	2020-10-23	10:11:44.336	TTL1	AP Coil	0.0000	(null)	1	10.0000	90.0000	19.4153
Sample 32	Session imported from “Hotspot+Block1.txt”	32	Sample 27	173.6871	139.9106	185.8781	-0.3188	0.8268	0.4634	-0.7432	-0.5215	0.4192	0.5882	-0.2108	0.7807	(null)	(null)	(null)	(null)	(null)	(null)	(null)	2020-10-23	10:11:51.085	TTL1	AP Coil	0.0000	(null)	1	10.0000	90.0000	77.6613
Sample 33	Session imported from “Hotspot+Block1.txt”	33	Sample 27	178.8707	126.9682	178.3556	-0.3021	0.8264	0.4751	-0.7365	-0.5188	0.4341	0.6052	-0.2188	0.7654	(null)	(null)	(null)	(null)	(null)	(null)	(null)	2020-10-23	10:12:09.104	TTL1	AP Coil	0.0000	(null)	1	10.0000	90.0000	59.3881
Sample 34	Session imported from “Hotspot+Block1.txt”	34	Sample 27	186.0082	132.0984	173.9271	-0.3087	0.8142	0.4917	-0.7253	-0.5359	0.4321	0.6153	-0.2232	0.7560	(null)	(null)	(null)	(null)	(null)	(null)	(null)	2020-10-23	10:12:15.145	TTL1	AP Coil	0.0000	(null)	1	10.0000	90.0000	53.6777
Sample 35	Session imported from “Hotspot+Block1.txt”	35	Sample 27	182.9017	119.6015	172.1442	-0.3185	0.7820	0.5358	-0.7101	-0.5713	0.4117	0.6280	-0.2493	0.7372	(null)	(null)	(null)	(null)	(null)	(null)	(null)	2020-10-23	10:12:21.948	TTL1	AP Coil	0.0000	(null)	1	10.0000	90.0000	19.4153
Sample 36	Session imported from “Hotspot+Block1.txt”	36	Sample 27	171.5943	120.8679	182.4210	-0.2952	0.7920	0.5344	-0.7308	-0.5474	0.4078	0.6155	-0.2701	0.7404	(null)	(null)	(null)	(null)	(null)	(null)	(null)	2020-10-23	10:12:26.693	TTL1	AP Coil	0.0000	(null)	1	10.0000	90.0000	26.2678
Sample 37	Session imported from “Hotspot+Block1.txt”	37	Sample 27	179.0296	126.4403	178.0448	-0.3102	0.8375	0.4498	-0.7335	-0.5118	0.4471	0.6047	-0.1913	0.7731	(null)	(null)	(null)	(null)	(null)	(null)	(null)	2020-10-23	10:12:45.810	TTL1	AP Coil	0.0000	(null)	1	10.0000	90.0000	154.1805
Sample 38	Session imported from “Hotspot+Block1.txt”	38	Sample 27	188.1024	133.3478	171.9607	-0.2942	0.8461	0.4444	-0.7264	-0.5002	0.4714	0.6211	-0.1841	0.7618	(null)	(null)	(null)	(null)	(null)	(null)	(null)	2020-10-23	10:12:50.778	TTL1	AP Coil	0.0000	(null)	1	10.0000	90.0000	52.5356
Sample 39	Session imported from “Hotspot+Block1.txt”	39	Sample 27	183.1052	116.4428	170.5559	-0.3024	0.8213	0.4838	-0.7166	-0.5305	0.4527	0.6285	-0.2098	0.7490	(null)	(null)	(null)	(null)	(null)	(null)	(null)	2020-10-23	10:12:55.312	TTL1	AP Coil	0.0000	(null)	1	10.0000	90.0000	21.6995
Sample 40	Session imported from “Hotspot+Block1.txt”	40	Sample 27	169.8589	120.3678	183.5497	-0.2762	0.8386	0.4695	-0.7452	-0.4954	0.4464	0.6069	-0.2266	0.7618	(null)	(null)	(null)	(null)	(null)	(null)	(null)	2020-10-23	10:12:58.872	TTL1	AP Coil	0.0000	(null)	1	10.0000	90.0000	28.5519
Sample 41	Session imported from “Hotspot+Block1.txt”	41	Sample 27	175.1358	139.8895	184.9939	-0.2398	0.8609	0.4486	-0.7707	-0.4498	0.4513	0.5903	-0.2376	0.7714	(null)	(null)	(null)	(null)	(null)	(null)	(null)	2020-10-23	10:13:05.204	TTL1	AP Coil	0.0000	(null)	1	10.0000	90.0000	13.7049
Sample 42	Session imported from “Hotspot+Block1.txt”	42	Sample 27	178.8846	126.8762	178.3134	-0.3343	0.8123	0.4780	-0.7319	-0.5433	0.4114	0.5938	-0.2123	0.7761	(null)	(null)	(null)	(null)	(null)	(null)	(null)	2020-10-23	10:13:16.437	TTL1	AP Coil	0.0000	(null)	1	10.0000	90.0000	73.0930
Sample 43	Session imported from “Hotspot+Block1.txt”	43	Sample 27	178.3699	127.0247	178.7993	-0.3122	0.8284	0.4650	-0.7267	-0.5235	0.4448	0.6119	-0.1991	0.7655	(null)	(null)	(null)	(null)	(null)	(null)	(null)	2020-10-23	10:13:33.245	TTL1	AP Coil	0.0000	(null)	1	10.0000	90.0000	358.6125
Sample 44	Session imported from “Hotspot+Block1.txt”	44	Sample 43	178.7248	126.9905	178.4871	-0.3124	0.8203	0.4790	-0.7352	-0.5281	0.4249	0.6015	-0.2194	0.7681	(null)	(null)	(null)	(null)	(null)	(null)	(null)	2020-10-23	10:15:16.680	TTL1	AP Coil	0.0000	(null)	1	10.0000	90.0000	86.7979
Sample 45	Session imported from “Hotspot+Block1.txt”	45	Sample 43	178.5815	126.9166	178.5846	-0.3153	0.8265	0.4663	-0.7374	-0.5227	0.4279	0.5974	-0.2089	0.7743	(null)	(null)	(null)	(null)	(null)	(null)	(null)	2020-10-23	10:15:32.053	TTL1	AP Coil	0.0000	(null)	1	10.0000	90.0000	18.2732
Sample 46	Session imported from “Hotspot+Block1.txt”	46	Sample 43	179.0901	126.8327	178.1243	-0.3262	0.8192	0.4717	-0.7290	-0.5357	0.4262	0.6018	-0.2048	0.7719	(null)	(null)	(null)	(null)	(null)	(null)	(null)	2020-10-23	10:15:42.596	TTL1	AP Coil	0.0000	(null)	1	10.0000	90.0000	71.9509
Sample 47	Session imported from “Hotspot+Block1.txt”	47	Sample 43	178.1956	126.6406	178.8204	-0.3190	0.8242	0.4679	-0.7208	-0.5315	0.4448	0.6153	-0.1954	0.7637	(null)	(null)	(null)	(null)	(null)	(null)	(null)	2020-10-23	10:16:00.123	TTL1	AP Coil	0.0000	(null)	1	10.0000	90.0000	18.2732
Sample 48	Session imported from “Hotspot+Block1.txt”	48	Sample 43	178.4371	126.8492	178.6851	-0.3260	0.8205	0.4696	-0.7216	-0.5369	0.4370	0.6107	-0.1964	0.7671	(null)	(null)	(null)	(null)	(null)	(null)	(null)	2020-10-23	10:16:13.713	TTL1	AP Coil	0.0000	(null)	1	10.0000	90.0000	17.1312
Sample 49	Session imported from “Hotspot+Block1.txt”	49	Sample 43	178.5116	126.8743	178.6300	-0.3003	0.8308	0.4686	-0.7281	-0.5170	0.4500	0.6162	-0.2061	0.7602	(null)	(null)	(null)	(null)	(null)	(null)	(null)	2020-10-23	10:16:25.387	TTL1	AP Coil	0.0000	(null)	1	10.0000	90.0000	22.8416
Sample 50	Session imported from “Hotspot+Block1.txt”	50	Sample 43	178.6165	126.6527	178.4675	-0.3050	0.8324	0.4626	-0.7260	-0.5176	0.4528	0.6164	-0.1978	0.7622	(null)	(null)	(null)	(null)	(null)	(null)	(null)	2020-10-23	10:16:39.743	TTL1	AP Coil	0.0000	(null)	1	10.0000	90.0000	20.5574
Sample 51	Session imported from “Hotspot+Block1.txt”	51	Sample 43	178.4891	126.5597	178.5451	-0.3229	0.8187	0.4748	-0.7265	-0.5359	0.4300	0.6065	-0.2061	0.7679	(null)	(null)	(null)	(null)	(null)	(null)	(null)	2020-10-23	10:16:50.342	TTL1	AP Coil	0.0000	(null)	1	10.0000	90.0000	101.6449
Sample 52	Session imported from “Hotspot+Block1.txt”	52	Sample 43	178.8874	126.9324	178.3297	-0.3159	0.8247	0.4690	-0.7317	-0.5265	0.4329	0.6040	-0.2064	0.7698	(null)	(null)	(null)	(null)	(null)	(null)	(null)	2020-10-23	10:17:00.494	TTL1	AP Coil	0.0000	(null)	1	10.0000	90.0000	15.9891
Sample 53	Session imported from “Hotspot+Block1.txt”	53	Sample 43	178.5062	126.8556	178.6284	-0.3138	0.8268	0.4668	-0.7310	-0.5241	0.4369	0.6059	-0.2041	0.7689	(null)	(null)	(null)	(null)	(null)	(null)	(null)	2020-10-23	10:17:12.687	TTL1	AP Coil	0.0000	(null)	1	10.0000	90.0000	121.0603
Sample 54	Session imported from “Hotspot+Block1.txt”	54	Sample 43	178.5086	126.9928	178.6718	-0.3171	0.8249	0.4680	-0.7283	-0.5279	0.4370	0.6075	-0.2023	0.7681	(null)	(null)	(null)	(null)	(null)	(null)	(null)	2020-10-23	10:17:32.509	TTL1	AP Coil	0.0000	(null)	1	10.0000	90.0000	60.5301
Sample 55	Session imported from “Hotspot+Block1.txt”	55	Sample 43	178.3771	127.0945	178.8156	-0.3189	0.8254	0.4658	-0.7311	-0.5270	0.4333	0.6031	-0.2024	0.7715	(null)	(null)	(null)	(null)	(null)	(null)	(null)	2020-10-23	10:17:40.554	TTL1	AP Coil	0.0000	(null)	1	10.0000	90.0000	114.2078
Sample 56	Session imported from “Hotspot+Block1.txt”	56	Sample 43	178.7127	126.9061	178.4695	-0.3221	0.8248	0.4648	-0.7338	-0.5277	0.4279	0.5982	-0.2032	0.7752	(null)	(null)	(null)	(null)	(null)	(null)	(null)	2020-10-23	10:17:53.947	TTL1	AP Coil	0.0000	(null)	1	10.0000	90.0000	55.9618
Sample 57	Session imported from “Hotspot+Block1.txt”	57	Sample 43	178.3923	126.7480	178.6897	-0.3295	0.8144	0.4777	-0.7232	-0.5430	0.4268	0.6070	-0.2048	0.7679	(null)	(null)	(null)	(null)	(null)	(null)	(null)	2020-10-23	10:18:04.921	TTL1	AP Coil	0.0000	(null)	1	10.0000	90.0000	36.5465
Sample 58	Session imported from “Hotspot+Block1.txt”	58	Sample 43	178.0673	126.9222	179.0165	-0.3060	0.8242	0.4765	-0.7268	-0.5255	0.4423	0.6149	-0.2110	0.7598	(null)	(null)	(null)	(null)	(null)	(null)	(null)	2020-10-23	10:18:43.059	TTL1	AP Coil	0.0000	(null)	1	10.0000	90.0000	14.8470
Sample 59	Session imported from “Hotspot+Block1.txt”	59	Sample 43	178.4490	126.8129	178.6629	-0.3017	0.8269	0.4745	-0.7172	-0.5248	0.4585	0.6282	-0.2020	0.7514	(null)	(null)	(null)	(null)	(null)	(null)	(null)	2020-10-23	10:18:53.829	TTL1	AP Coil	0.0000	(null)	1	10.0000	90.0000	35.4044
Sample 60	Session imported from “Hotspot+Block1.txt”	60	Sample 43	178.4550	127.0706	178.7431	-0.3119	0.8228	0.4751	-0.7202	-0.5309	0.4466	0.6197	-0.2029	0.7582	(null)	(null)	(null)	(null)	(null)	(null)	(null)	2020-10-23	10:19:01.146	TTL1	AP Coil	0.0000	(null)	1	10.0000	90.0000	29.6940
Sample 61	Session imported from “Hotspot+Block1.txt”	61	Sample 43	178.5376	126.9071	178.6188	-0.3082	0.8220	0.4789	-0.7191	-0.5309	0.4484	0.6228	-0.2062	0.7547	(null)	(null)	(null)	(null)	(null)	(null)	(null)	2020-10-23	10:19:12.080	TTL1	AP Coil	0.0000	(null)	1	10.0000	90.0000	118.7761
Sample 62	Session imported from “Hotspot+Block1.txt”	62	Sample 43	178.4917	127.1620	178.7421	-0.3073	0.8227	0.4782	-0.7202	-0.5295	0.4482	0.6220	-0.2067	0.7553	(null)	(null)	(null)	(null)	(null)	(null)	(null)	2020-10-23	10:19:19.635	TTL1	AP Coil	0.0000	(null)	1	10.0000	90.0000	59.3881
Sample 63	Session imported from “Hotspot+Block1.txt”	63	Sample 43	178.2821	126.7314	178.7780	-0.3071	0.8256	0.4733	-0.7229	-0.5258	0.4482	0.6189	-0.2045	0.7584	(null)	(null)	(null)	(null)	(null)	(null)	(null)	2020-10-23	10:19:27.051	TTL1	AP Coil	0.0000	(null)	1	10.0000	90.0000	70.8088
Sample 64	Session imported from “Hotspot+Block1.txt”	64	Sample 43	178.0223	126.8865	179.0423	-0.3061	0.8262	0.4730	-0.7211	-0.5256	0.4514	0.6215	-0.2029	0.7566	(null)	(null)	(null)	(null)	(null)	(null)	(null)	2020-10-23	10:19:35.357	TTL1	AP Coil	0.0000	(null)	1	10.0000	90.0000	14.8470
Sample 65	Session imported from “Hotspot+Block1.txt”	65	Sample 43	178.4157	126.8515	178.7041	-0.3034	0.8272	0.4730	-0.7233	-0.5231	0.4507	0.6203	-0.2054	0.7570	(null)	(null)	(null)	(null)	(null)	(null)	(null)	2020-10-23	10:19:43.660	TTL1	AP Coil	0.0000	(null)	1	10.0000	90.0000	12.5629
Sample 66	Session imported from “Hotspot+Block1.txt”	66	Sample 43	178.4318	126.9400	178.7196	-0.2950	0.8320	0.4698	-0.7257	-0.5150	0.4563	0.6216	-0.2063	0.7557	(null)	(null)	(null)	(null)	(null)	(null)	(null)	2020-10-23	10:19:53.495	TTL1	AP Coil	0.0000	(null)	1	10.0000	90.0000	13.7049
Sample 67	Session imported from “Hotspot+Block1.txt”	67	Sample 43	179.0461	127.0724	178.2409	-0.2997	0.8413	0.4499	-0.7318	-0.5053	0.4573	0.6121	-0.1922	0.7671	(null)	(null)	(null)	(null)	(null)	(null)	(null)	2020-10-23	10:20:36.641	TTL1	AP Coil	0.0000	(null)	1	10.0000	90.0000	10.2787
Sample 68	Session imported from “Hotspot+Block1.txt”	68	Sample 43	178.6555	126.8133	178.4874	-0.3225	0.8295	0.4560	-0.7178	-0.5284	0.4535	0.6171	-0.1811	0.7658	(null)	(null)	(null)	(null)	(null)	(null)	(null)	2020-10-23	10:20:51.668	TTL1	AP Coil	0.0000	(null)	1	10.0000	90.0000	10.2787
Sample 69	Session imported from “Hotspot+Block1.txt”	69	Sample 43	178.3707	126.7527	178.7097	-0.3082	0.8338	0.4581	-0.7311	-0.5157	0.4467	0.6087	-0.1972	0.7685	(null)	(null)	(null)	(null)	(null)	(null)	(null)	2020-10-23	10:21:07.876	TTL1	AP Coil	0.0000	(null)	1	10.0000	90.0000	11.4208
Sample 70	Session imported from “Hotspot+Block1.txt”	70	Sample 43	178.6264	126.9308	178.5510	-0.3075	0.8298	0.4657	-0.7319	-0.5190	0.4415	0.6081	-0.2051	0.7669	(null)	(null)	(null)	(null)	(null)	(null)	(null)	2020-10-23	10:21:22.608	TTL1	AP Coil	0.0000	(null)	1	10.0000	90.0000	13.7049
Sample 71	Session imported from “Hotspot+Block1.txt”	71	Sample 43	(null)	(null)	(null)	(null)	(null)	(null)	(null)	(null)	(null)	(null)	(null)	(null)	(null)	(null)	(null)	(null)	(null)	(null)	(null)	2020-10-23	10:21:55.185	TTL1	AP Coil	0.0000	(null)	1	10.0000	90.0000	4.5683
Sample 72	Session imported from “Hotspot+Block1.txt”	72	Sample 43	178.6374	126.4854	178.3943	-0.3045	0.8321	0.4636	-0.7253	-0.5180	0.4534	0.6174	-0.1982	0.7613	(null)	(null)	(null)	(null)	(null)	(null)	(null)	2020-10-23	10:22:23.725	TTL1	AP Coil	0.0000	(null)	1	10.0000	90.0000	10.2787
Sample 73	Session imported from “Hotspot+Block1.txt”	73	Sample 43	178.2971	126.8488	178.8032	-0.3226	0.8318	0.4518	-0.7228	-0.5246	0.4498	0.6111	-0.1815	0.7704	(null)	(null)	(null)	(null)	(null)	(null)	(null)	2020-10-23	10:22:33.684	TTL1	AP Coil	0.0000	(null)	1	10.0000	90.0000	10.2787
Sample 74	Session imported from “Hotspot+Block1.txt”	74	PSC_2.5mm	(null)	(null)	(null)	(null)	(null)	(null)	(null)	(null)	(null)	(null)	(null)	(null)	(null)	(null)	(null)	(null)	(null)	(null)	(null)	2020-10-23	10:50:59.586	TTL1	Pointer	0.0000	(null)	(null)	(null)	(null)	(null)
Sample 75	Session imported from “Hotspot+Block1.txt”	75	PSC_2.5mm	(null)	(null)	(null)	(null)	(null)	(null)	(null)	(null)	(null)	(null)	(null)	(null)	(null)	(null)	(null)	(null)	(null)	(null)	(null)	2020-10-23	10:51:00.184	TTL1	Pointer	0.0000	(null)	(null)	(null)	(null)	(null)
Sample 76	Session imported from “Hotspot+Block1.txt”	76	PSC_2.5mm	(null)	(null)	(null)	(null)	(null)	(null)	(null)	(null)	(null)	(null)	(null)	(null)	(null)	(null)	(null)	(null)	(null)	(null)	(null)	2020-10-23	10:51:00.685	TTL1	Pointer	0.0000	(null)	(null)	(null)	(null)	(null)
Sample 77	Session imported from “Hotspot+Block1.txt”	77	PSC_2.5mm	(null)	(null)	(null)	(null)	(null)	(null)	(null)	(null)	(null)	(null)	(null)	(null)	(null)	(null)	(null)	(null)	(null)	(null)	(null)	2020-10-23	10:51:01.185	TTL1	Pointer	0.0000	(null)	(null)	(null)	(null)	(null)
Sample 78	Session imported from “Hotspot+Block1.txt”	78	PSC_2.5mm	(null)	(null)	(null)	(null)	(null)	(null)	(null)	(null)	(null)	(null)	(null)	(null)	(null)	(null)	(null)	(null)	(null)	(null)	(null)	2020-10-23	10:51:01.685	TTL1	Pointer	0.0000	(null)	(null)	(null)	(null)	(null)
Sample 79	Session imported from “Hotspot+Block1.txt”	79	PSC_2.5mm	(null)	(null)	(null)	(null)	(null)	(null)	(null)	(null)	(null)	(null)	(null)	(null)	(null)	(null)	(null)	(null)	(null)	(null)	(null)	2020-10-23	10:51:02.186	TTL1	Pointer	0.0000	(null)	(null)	(null)	(null)	(null)
Sample 80	Session imported from “Hotspot+Block1.txt”	80	PSC_2.5mm	(null)	(null)	(null)	(null)	(null)	(null)	(null)	(null)	(null)	(null)	(null)	(null)	(null)	(null)	(null)	(null)	(null)	(null)	(null)	2020-10-23	10:51:02.686	TTL1	Pointer	0.0000	(null)	(null)	(null)	(null)	(null)
Sample 81	Session imported from “Hotspot+Block1.txt”	81	PSC_2.5mm	(null)	(null)	(null)	(null)	(null)	(null)	(null)	(null)	(null)	(null)	(null)	(null)	(null)	(null)	(null)	(null)	(null)	(null)	(null)	2020-10-23	10:51:03.187	TTL1	Pointer	0.0000	(null)	(null)	(null)	(null)	(null)
Sample 82	Session imported from “Hotspot+Block1.txt”	82	PSC_2.5mm	(null)	(null)	(null)	(null)	(null)	(null)	(null)	(null)	(null)	(null)	(null)	(null)	(null)	(null)	(null)	(null)	(null)	(null)	(null)	2020-10-23	10:55:12.695	TTL1	Pointer	0.0000	(null)	(null)	(null)	(null)	(null)
Sample 83	Session imported from “Hotspot+Block1.txt”	83	PSC_2.5mm	188.0706	131.1681	171.0884	-0.0261	0.9348	0.3543	-0.6942	-0.2720	0.6664	0.7193	-0.2286	0.6560	(null)	(null)	(null)	(null)	(null)	(null)	(null)	2020-10-23	11:07:09.869	TTL1	AP Coil	0.0000	(null)	(null)	(null)	(null)	(null)
Sample 84	Session imported from “Hotspot+Block1.txt”	84	PSC_2.5mm	188.0927	131.1127	171.0396	-0.0299	0.9349	0.3537	-0.6951	-0.2737	0.6648	0.7183	-0.2260	0.6580	(null)	(null)	(null)	(null)	(null)	(null)	(null)	2020-10-23	11:07:10.370	TTL1	AP Coil	0.0000	(null)	(null)	(null)	(null)	(null)
Sample 85	Session imported from “Hotspot+Block1.txt”	85	PSC_2.5mm	188.1895	131.3975	171.0388	-0.0314	0.9358	0.3511	-0.6955	-0.2727	0.6647	0.7178	-0.2233	0.6594	(null)	(null)	(null)	(null)	(null)	(null)	(null)	2020-10-23	11:07:10.968	TTL1	AP Coil	0.0000	(null)	(null)	(null)	(null)	(null)
Sample 86	Session imported from “Hotspot+Block1.txt”	86	PSC_2.5mm	188.2262	131.4087	170.9996	-0.0327	0.9361	0.3501	-0.6945	-0.2732	0.6656	0.7187	-0.2214	0.6591	(null)	(null)	(null)	(null)	(null)	(null)	(null)	2020-10-23	11:07:11.469	TTL1	AP Coil	0.0000	(null)	(null)	(null)	(null)	(null)
Sample 87	Session imported from “Hotspot+Block1.txt”	87	PSC_2.5mm	188.2508	131.4877	171.0033	-0.0350	0.9356	0.3512	-0.6968	-0.2748	0.6626	0.7164	-0.2215	0.6615	(null)	(null)	(null)	(null)	(null)	(null)	(null)	2020-10-23	11:07:11.970	TTL1	AP Coil	0.0000	(null)	(null)	(null)	(null)	(null)
Sample 88	Session imported from “Hotspot+Block1.txt”	88	PSC_2.5mm	188.1519	131.4492	171.1046	-0.0351	0.9344	0.3544	-0.6964	-0.2772	0.6619	0.7168	-0.2236	0.6605	(null)	(null)	(null)	(null)	(null)	(null)	(null)	2020-10-23	11:07:12.568	TTL1	AP Coil	0.0000	(null)	(null)	(null)	(null)	(null)
Sample 89	Session imported from “Hotspot+Block1.txt”	89	PSC_2.5mm	188.0842	131.6180	171.2529	-0.0362	0.9343	0.3547	-0.6958	-0.2783	0.6621	0.7173	-0.2228	0.6602	(null)	(null)	(null)	(null)	(null)	(null)	(null)	2020-10-23	11:07:13.069	TTL1	AP Coil	0.0000	(null)	(null)	(null)	(null)	(null)
Sample 90	Session imported from “Hotspot+Block1.txt”	90	PSC_2.5mm	188.2189	131.5483	171.0653	-0.0370	0.9346	0.3538	-0.6958	-0.2782	0.6621	0.7173	-0.2217	0.6606	(null)	(null)	(null)	(null)	(null)	(null)	(null)	2020-10-23	11:07:13.668	TTL1	AP Coil	0.0000	(null)	(null)	(null)	(null)	(null)
Sample 91	Session imported from “Hotspot+Block1.txt”	91	PSC_2.5mm	188.2780	131.9738	171.1722	-0.0118	0.9312	0.3642	-0.6943	-0.2698	0.6672	0.7196	-0.2450	0.6497	(null)	(null)	(null)	(null)	(null)	(null)	(null)	2020-10-23	11:07:23.764	TTL1	AP Coil	0.0000	(null)	(null)	(null)	(null)	(null)
Sample 92	Session imported from “Hotspot+Block1.txt”	92	PSC_2.5mm	188.4689	131.9555	170.9473	-0.0106	0.9313	0.3640	-0.6947	-0.2687	0.6672	0.7192	-0.2458	0.6499	(null)	(null)	(null)	(null)	(null)	(null)	(null)	2020-10-23	11:07:24.265	TTL1	AP Coil	0.0000	(null)	(null)	(null)	(null)	(null)
Sample 93	Session imported from “Hotspot+Block1.txt”	93	PSC_2.5mm	188.4041	131.7933	170.9546	-0.0124	0.9319	0.3624	-0.6931	-0.2693	0.6687	0.7207	-0.2429	0.6493	(null)	(null)	(null)	(null)	(null)	(null)	(null)	2020-10-23	11:07:24.766	TTL1	AP Coil	0.0000	(null)	(null)	(null)	(null)	(null)
Sample 94	Session imported from “Hotspot+Block1.txt”	94	PSC_2.5mm	188.4233	131.7056	170.8956	-0.0113	0.9313	0.3641	-0.6923	-0.2700	0.6692	0.7215	-0.2445	0.6478	(null)	(null)	(null)	(null)	(null)	(null)	(null)	2020-10-23	11:07:25.268	TTL1	AP Coil	0.0000	(null)	(null)	(null)	(null)	(null)
Sample 95	Session imported from “Hotspot+Block1.txt”	95	PSC_2.5mm	188.3057	131.7535	171.0505	-0.0097	0.9325	0.3610	-0.6907	-0.2673	0.6719	0.7231	-0.2428	0.6467	(null)	(null)	(null)	(null)	(null)	(null)	(null)	2020-10-23	11:07:25.770	TTL1	AP Coil	0.0000	(null)	(null)	(null)	(null)	(null)
Sample 96	Session imported from “Hotspot+Block1.txt”	96	PSC_2.5mm	188.1437	131.6760	171.2047	-0.0047	0.9331	0.3596	-0.6905	-0.2631	0.6738	0.7233	-0.2451	0.6455	(null)	(null)	(null)	(null)	(null)	(null)	(null)	2020-10-23	11:07:26.270	TTL1	AP Coil	0.0000	(null)	(null)	(null)	(null)	(null)
Sample 97	Session imported from “Hotspot+Block1.txt”	97	PSC_2.5mm	188.1224	131.6519	171.2207	-0.0051	0.9334	0.3588	-0.6907	-0.2627	0.6737	0.7231	-0.2444	0.6461	(null)	(null)	(null)	(null)	(null)	(null)	(null)	2020-10-23	11:07:26.770	TTL1	AP Coil	0.0000	(null)	(null)	(null)	(null)	(null)
Sample 98	Session imported from “Hotspot+Block1.txt”	98	PSC_2.5mm	188.1718	131.6443	171.1585	-0.0080	0.9334	0.3588	-0.6905	-0.2647	0.6732	0.7233	-0.2424	0.6466	(null)	(null)	(null)	(null)	(null)	(null)	(null)	2020-10-23	11:07:27.272	TTL1	AP Coil	0.0000	(null)	(null)	(null)	(null)	(null)
Sample 99	Session imported from “Hotspot+Block1.txt”	99	PSC_2.5mm	188.4498	132.0794	171.0198	0.0066	0.9305	0.3661	-0.6882	-0.2614	0.6768	0.7255	-0.2564	0.6387	(null)	(null)	(null)	(null)	(null)	(null)	(null)	2020-10-23	11:07:37.665	TTL1	AP Coil	0.0000	(null)	(null)	(null)	(null)	(null)
Sample 100	Session imported from “Hotspot+Block1.txt”	100	PSC_2.5mm	188.4286	131.9501	170.9910	0.0055	0.9306	0.3661	-0.6875	-0.2623	0.6771	0.7261	-0.2554	0.6383	(null)	(null)	(null)	(null)	(null)	(null)	(null)	2020-10-23	11:07:38.166	TTL1	AP Coil	0.0000	(null)	(null)	(null)	(null)	(null)
Sample 101	Session imported from “Hotspot+Block1.txt”	101	PSC_2.5mm	188.3768	131.8682	171.0164	0.0068	0.9308	0.3655	-0.6879	-0.2609	0.6773	0.7258	-0.2560	0.6385	(null)	(null)	(null)	(null)	(null)	(null)	(null)	2020-10-23	11:07:38.667	TTL1	AP Coil	0.0000	(null)	(null)	(null)	(null)	(null)
Sample 102	Session imported from “Hotspot+Block1.txt”	102	PSC_2.5mm	188.1996	131.5317	171.0805	0.0074	0.9298	0.3679	-0.6876	-0.2624	0.6770	0.7260	-0.2580	0.6374	(null)	(null)	(null)	(null)	(null)	(null)	(null)	2020-10-23	11:07:39.167	TTL1	AP Coil	0.0000	(null)	(null)	(null)	(null)	(null)
Sample 103	Session imported from “Hotspot+Block1.txt”	103	PSC_2.5mm	188.3201	131.7750	171.0429	0.0069	0.9302	0.3670	-0.6879	-0.2620	0.6769	0.7258	-0.2571	0.6381	(null)	(null)	(null)	(null)	(null)	(null)	(null)	2020-10-23	11:07:39.668	TTL1	AP Coil	0.0000	(null)	(null)	(null)	(null)	(null)
Sample 104	Session imported from “Hotspot+Block1.txt”	104	PSC_2.5mm	188.2904	131.5275	170.9742	0.0075	0.9301	0.3671	-0.6866	-0.2621	0.6781	0.7270	-0.2572	0.6367	(null)	(null)	(null)	(null)	(null)	(null)	(null)	2020-10-23	11:07:40.169	TTL1	AP Coil	0.0000	(null)	(null)	(null)	(null)	(null)
Sample 105	Session imported from “Hotspot+Block1.txt”	105	PSC_2.5mm	188.3979	131.6060	170.8826	0.0042	0.9311	0.3646	-0.6879	-0.2620	0.6769	0.7258	-0.2537	0.6394	(null)	(null)	(null)	(null)	(null)	(null)	(null)	2020-10-23	11:07:40.669	TTL1	AP Coil	0.0000	(null)	(null)	(null)	(null)	(null)
Sample 106	Session imported from “Hotspot+Block1.txt”	106	PSC_2.5mm	188.4791	131.5603	170.7686	0.0045	0.9314	0.3640	-0.6895	-0.2607	0.6757	0.7243	-0.2540	0.6410	(null)	(null)	(null)	(null)	(null)	(null)	(null)	2020-10-23	11:07:41.170	TTL1	AP Coil	0.0000	(null)	(null)	(null)	(null)	(null)
Sample 107	Session imported from “Hotspot+Block1.txt”	107	PSC_2.5mm	188.0060	131.7143	171.3848	0.0022	0.9351	0.3544	-0.6953	-0.2533	0.6726	0.7187	-0.2479	0.6496	(null)	(null)	(null)	(null)	(null)	(null)	(null)	2020-10-23	11:07:51.564	TTL1	AP Coil	0.0000	(null)	(null)	(null)	(null)	(null)
Sample 108	Session imported from “Hotspot+Block1.txt”	108	PSC_2.5mm	188.1223	131.8698	171.3074	0.0026	0.9346	0.3558	-0.6951	-0.2541	0.6725	0.7189	-0.2491	0.6490	(null)	(null)	(null)	(null)	(null)	(null)	(null)	2020-10-23	11:07:52.065	TTL1	AP Coil	0.0000	(null)	(null)	(null)	(null)	(null)
Sample 109	Session imported from “Hotspot+Block1.txt”	109	PSC_2.5mm	188.2324	131.8291	171.1649	0.0029	0.9350	0.3546	-0.6961	-0.2527	0.6720	0.7179	-0.2488	0.6501	(null)	(null)	(null)	(null)	(null)	(null)	(null)	2020-10-23	11:07:52.565	TTL1	AP Coil	0.0000	(null)	(null)	(null)	(null)	(null)
Sample 110	Session imported from “Hotspot+Block1.txt”	110	PSC_2.5mm	188.3372	131.7939	171.0311	0.0040	0.9352	0.3540	-0.6955	-0.2518	0.6730	0.7185	-0.2489	0.6494	(null)	(null)	(null)	(null)	(null)	(null)	(null)	2020-10-23	11:07:53.066	TTL1	AP Coil	0.0000	(null)	(null)	(null)	(null)	(null)
Sample 111	Session imported from “Hotspot+Block1.txt”	111	PSC_2.5mm	188.4358	131.7382	170.8950	0.0044	0.9344	0.3563	-0.6963	-0.2529	0.6717	0.7177	-0.2510	0.6495	(null)	(null)	(null)	(null)	(null)	(null)	(null)	2020-10-23	11:07:53.566	TTL1	AP Coil	0.0000	(null)	(null)	(null)	(null)	(null)
Sample 112	Session imported from “Hotspot+Block1.txt”	112	PSC_2.5mm	188.2638	131.5035	170.9950	0.0026	0.9343	0.3565	-0.6940	-0.2550	0.6733	0.7200	-0.2492	0.6477	(null)	(null)	(null)	(null)	(null)	(null)	(null)	2020-10-23	11:07:54.067	TTL1	AP Coil	0.0000	(null)	(null)	(null)	(null)	(null)
Sample 113	Session imported from “Hotspot+Block1.txt”	113	PSC_2.5mm	188.4605	131.6040	170.8089	0.0051	0.9337	0.3579	-0.6951	-0.2540	0.6725	0.7189	-0.2522	0.6478	(null)	(null)	(null)	(null)	(null)	(null)	(null)	2020-10-23	11:07:54.568	TTL1	AP Coil	0.0000	(null)	(null)	(null)	(null)	(null)
Sample 114	Session imported from “Hotspot+Block1.txt”	114	PSC_2.5mm	188.4619	131.6085	170.8093	0.0065	0.9339	0.3575	-0.6964	-0.2523	0.6718	0.7176	-0.2533	0.6487	(null)	(null)	(null)	(null)	(null)	(null)	(null)	2020-10-23	11:07:55.068	TTL1	AP Coil	0.0000	(null)	(null)	(null)	(null)	(null)
Sample 115	Session imported from “Hotspot+Block1.txt”	115	PSC_2.5mm	188.3117	132.1686	171.2136	0.0102	0.9342	0.3567	-0.6963	-0.2494	0.6730	0.7177	-0.2552	0.6479	(null)	(null)	(null)	(null)	(null)	(null)	(null)	2020-10-23	11:08:05.474	TTL1	AP Coil	0.0000	(null)	(null)	(null)	(null)	(null)
Sample 116	Session imported from “Hotspot+Block1.txt”	116	PSC_2.5mm	188.1020	131.9922	171.3804	0.0115	0.9343	0.3562	-0.6954	-0.2485	0.6743	0.7185	-0.2555	0.6469	(null)	(null)	(null)	(null)	(null)	(null)	(null)	2020-10-23	11:08:05.975	TTL1	AP Coil	0.0000	(null)	(null)	(null)	(null)	(null)
Sample 117	Session imported from “Hotspot+Block1.txt”	117	PSC_2.5mm	188.2834	132.0051	171.1788	0.0129	0.9340	0.3570	-0.6982	-0.2472	0.6719	0.7158	-0.2579	0.6489	(null)	(null)	(null)	(null)	(null)	(null)	(null)	2020-10-23	11:08:06.475	TTL1	AP Coil	0.0000	(null)	(null)	(null)	(null)	(null)
Sample 118	Session imported from “Hotspot+Block1.txt”	118	PSC_2.5mm	188.3257	132.0400	171.1449	0.0123	0.9336	0.3580	-0.6980	-0.2483	0.6717	0.7160	-0.2581	0.6486	(null)	(null)	(null)	(null)	(null)	(null)	(null)	2020-10-23	11:08:06.975	TTL1	AP Coil	0.0000	(null)	(null)	(null)	(null)	(null)
Sample 119	Session imported from “Hotspot+Block1.txt”	119	PSC_2.5mm	188.3760	131.8383	171.0051	0.0120	0.9341	0.3568	-0.6969	-0.2481	0.6729	0.7171	-0.2567	0.6480	(null)	(null)	(null)	(null)	(null)	(null)	(null)	2020-10-23	11:08:07.476	TTL1	AP Coil	0.0000	(null)	(null)	(null)	(null)	(null)
Sample 120	Session imported from “Hotspot+Block1.txt”	120	PSC_2.5mm	188.3299	131.9979	171.1230	0.0129	0.9334	0.3587	-0.6958	-0.2493	0.6736	0.7181	-0.2583	0.6462	(null)	(null)	(null)	(null)	(null)	(null)	(null)	2020-10-23	11:08:07.977	TTL1	AP Coil	0.0000	(null)	(null)	(null)	(null)	(null)
Sample 121	Session imported from “Hotspot+Block1.txt”	121	PSC_2.5mm	188.3105	131.8525	171.0855	0.0143	0.9330	0.3597	-0.6967	-0.2487	0.6728	0.7172	-0.2602	0.6464	(null)	(null)	(null)	(null)	(null)	(null)	(null)	2020-10-23	11:08:08.478	TTL1	AP Coil	0.0000	(null)	(null)	(null)	(null)	(null)
Sample 122	Session imported from “Hotspot+Block1.txt”	122	PSC_2.5mm	188.4449	131.8716	170.9402	0.0135	0.9329	0.3599	-0.6969	-0.2493	0.6724	0.7170	-0.2599	0.6468	(null)	(null)	(null)	(null)	(null)	(null)	(null)	2020-10-23	11:08:08.978	TTL1	AP Coil	0.0000	(null)	(null)	(null)	(null)	(null)
Sample 123	Session imported from “Hotspot+Block1.txt”	123	PSC_2.5mm	188.5573	131.8329	170.7941	0.0080	0.9313	0.3643	-0.6970	-0.2560	0.6698	0.7170	-0.2593	0.6470	(null)	(null)	(null)	(null)	(null)	(null)	(null)	2020-10-23	11:08:19.371	TTL1	AP Coil	0.0000	(null)	(null)	(null)	(null)	(null)
Sample 124	Session imported from “Hotspot+Block1.txt”	124	PSC_2.5mm	188.6087	131.9031	170.7643	0.0074	0.9324	0.3614	-0.6958	-0.2548	0.6715	0.7182	-0.2564	0.6469	(null)	(null)	(null)	(null)	(null)	(null)	(null)	2020-10-23	11:08:19.872	TTL1	AP Coil	0.0000	(null)	(null)	(null)	(null)	(null)
Sample 125	Session imported from “Hotspot+Block1.txt”	125	PSC_2.5mm	188.4258	132.0360	171.0293	0.0137	0.9304	0.3663	-0.6939	-0.2549	0.6735	0.7200	-0.2634	0.6421	(null)	(null)	(null)	(null)	(null)	(null)	(null)	2020-10-23	11:08:20.372	TTL1	AP Coil	0.0000	(null)	(null)	(null)	(null)	(null)
Sample 126	Session imported from “Hotspot+Block1.txt”	126	PSC_2.5mm	188.5870	131.8913	170.7844	0.0140	0.9306	0.3657	-0.6928	-0.2547	0.6746	0.7210	-0.2628	0.6412	(null)	(null)	(null)	(null)	(null)	(null)	(null)	2020-10-23	11:08:20.873	TTL1	AP Coil	0.0000	(null)	(null)	(null)	(null)	(null)
Sample 127	Session imported from “Hotspot+Block1.txt”	127	PSC_2.5mm	188.4862	131.6379	170.7935	0.0115	0.9305	0.3662	-0.6912	-0.2572	0.6753	0.7226	-0.2609	0.6402	(null)	(null)	(null)	(null)	(null)	(null)	(null)	2020-10-23	11:08:21.373	TTL1	AP Coil	0.0000	(null)	(null)	(null)	(null)	(null)
Sample 128	Session imported from “Hotspot+Block1.txt”	128	PSC_2.5mm	188.5144	131.4133	170.6648	0.0124	0.9306	0.3659	-0.6902	-0.2568	0.6765	0.7235	-0.2609	0.6391	(null)	(null)	(null)	(null)	(null)	(null)	(null)	2020-10-23	11:08:21.874	TTL1	AP Coil	0.0000	(null)	(null)	(null)	(null)	(null)
Sample 129	Session imported from “Hotspot+Block1.txt”	129	PSC_2.5mm	188.2089	131.3597	171.0004	0.0137	0.9295	0.3687	-0.6888	-0.2585	0.6773	0.7248	-0.2632	0.6367	(null)	(null)	(null)	(null)	(null)	(null)	(null)	2020-10-23	11:08:22.375	TTL1	AP Coil	0.0000	(null)	(null)	(null)	(null)	(null)
Sample 130	Session imported from “Hotspot+Block1.txt”	130	PSC_2.5mm	188.3198	131.6491	170.9916	0.0134	0.9295	0.3686	-0.6898	-0.2583	0.6764	0.7239	-0.2633	0.6377	(null)	(null)	(null)	(null)	(null)	(null)	(null)	2020-10-23	11:08:22.877	TTL1	AP Coil	0.0000	(null)	(null)	(null)	(null)	(null)
Sample 131	Session imported from “Hotspot+Block1.txt”	131	PSC_2.5mm	188.1172	131.8895	171.3214	0.0093	0.9273	0.3741	-0.6894	-0.2651	0.6741	0.7243	-0.2642	0.6369	(null)	(null)	(null)	(null)	(null)	(null)	(null)	2020-10-23	11:08:33.269	TTL1	AP Coil	0.0000	(null)	(null)	(null)	(null)	(null)
Sample 132	Session imported from “Hotspot+Block1.txt”	132	PSC_2.5mm	188.2357	132.2363	171.3278	0.0125	0.9272	0.3745	-0.6907	-0.2628	0.6737	0.7230	-0.2671	0.6371	(null)	(null)	(null)	(null)	(null)	(null)	(null)	2020-10-23	11:08:33.769	TTL1	AP Coil	0.0000	(null)	(null)	(null)	(null)	(null)
Sample 133	Session imported from “Hotspot+Block1.txt”	133	PSC_2.5mm	188.1477	132.1829	171.4061	0.0126	0.9272	0.3744	-0.6907	-0.2627	0.6737	0.7230	-0.2671	0.6371	(null)	(null)	(null)	(null)	(null)	(null)	(null)	2020-10-23	11:08:34.270	TTL1	AP Coil	0.0000	(null)	(null)	(null)	(null)	(null)
Sample 134	Session imported from “Hotspot+Block1.txt”	134	PSC_2.5mm	188.1071	132.0172	171.3845	0.0126	0.9274	0.3740	-0.6907	-0.2624	0.6739	0.7231	-0.2668	0.6372	(null)	(null)	(null)	(null)	(null)	(null)	(null)	2020-10-23	11:08:34.770	TTL1	AP Coil	0.0000	(null)	(null)	(null)	(null)	(null)
Sample 135	Session imported from “Hotspot+Block1.txt”	135	PSC_2.5mm	187.9825	132.0066	171.5291	0.0111	0.9275	0.3738	-0.6891	-0.2638	0.6750	0.7246	-0.2651	0.6362	(null)	(null)	(null)	(null)	(null)	(null)	(null)	2020-10-23	11:08:35.271	TTL1	AP Coil	0.0000	(null)	(null)	(null)	(null)	(null)
Sample 136	Session imported from “Hotspot+Block1.txt”	136	PSC_2.5mm	187.9566	132.1648	171.6230	0.0124	0.9268	0.3753	-0.6883	-0.2644	0.6756	0.7254	-0.2667	0.6346	(null)	(null)	(null)	(null)	(null)	(null)	(null)	2020-10-23	11:08:35.772	TTL1	AP Coil	0.0000	(null)	(null)	(null)	(null)	(null)
Sample 137	Session imported from “Hotspot+Block1.txt”	137	PSC_2.5mm	187.9702	131.8427	171.4786	0.0126	0.9271	0.3746	-0.6885	-0.2636	0.6756	0.7251	-0.2664	0.6350	(null)	(null)	(null)	(null)	(null)	(null)	(null)	2020-10-23	11:08:36.272	TTL1	AP Coil	0.0000	(null)	(null)	(null)	(null)	(null)
